symbol,sector,market_cap,adv60_inr,sma_200,last_close,above_200dma,momentum_12m,momentum_6m,relative_strength,passes_market_cap,passes_liquidity,passes_trend,has_complete_prices,composite_score,score_rank,target_weight,date
ABB.NS,Capital Goods,,480178999.0731033,356.0243119049072,1028.8626708984375,True,9.849189406667062,7.857681832775379,9.531417338461655,True,True,True,True,0.9901315789473685,1,0.06666666666666667,2007-09-17
IFCI.NS,Financial Services,,2486171857.90832,31.93347647190094,61.91344451904297,True,6.46859966960099,2.1169360065740843,6.150827601395583,True,True,True,True,0.9769736842105263,2,0.06666666666666667,2007-09-17
IIFL.NS,Financial Services,,415103081.86599255,26.664197154045105,46.54290390014648,True,4.077545396301959,1.657487933595816,3.7597733280965517,True,True,True,True,0.9638157894736843,3,0.06666666666666667,2007-09-17
VOLTAS.NS,Consumer Durables,,282849682.237021,91.5721162033081,129.5214385986328,True,14.443710591341665,0.8491540512400013,14.125938523136258,True,True,True,True,0.9572368421052632,4,0.06666666666666667,2007-09-17
WELCORP.NS,Capital Goods,,356771656.9595179,124.23909645080566,210.59869384765625,True,2.4050549357558384,1.5404277634094585,2.0872828675504316,True,True,True,True,0.9407894736842105,5,0.06666666666666667,2007-09-17
RAJESHEXPO.NS,Consumer Durables,,84181574.27052307,70.63859573364257,113.82640075683594,True,2.9908154387616785,0.9757209178830806,2.6730433705562717,True,True,True,True,0.9309210526315789,6,0.06666666666666667,2007-09-17
ADANIENT.NS,Metals & Mining,,65037883.8963211,15.731343007087707,24.59895896911621,True,2.0975572426038025,1.0519924882431906,1.7797851743983955,True,True,True,True,0.9177631578947368,7,0.06666666666666667,2007-09-17
JINDALSTEL.NS,Metals & Mining,,98536872.0168457,94.2292583847046,148.30514526367188,True,1.8690456256381172,1.1699811408417653,1.5512735574327101,True,True,True,True,0.9144736842105263,8,0.06666666666666667,2007-09-17
DIVISLAB.NS,Healthcare,,680093807.7342478,183.78558780670167,252.2186279296875,True,1.8472861303451533,1.0572574319255503,1.5295140621397463,True,True,True,True,0.9013157894736842,9,0.06666666666666667,2007-09-17
UNITDSPR.NS,Fast Moving Consumer Goods,,716307686.880052,198.89528518676758,329.8599853515625,True,1.6900732040189879,1.2349525813032254,1.3723011358135808,True,True,True,True,0.888157894736842,10,0.06666666666666667,2007-09-17
CGPOWER.NS,Capital Goods,,148691058.42812404,36.300392122268676,49.397579193115234,True,1.7484422946207654,0.7234197772964797,1.4306702264153583,True,True,True,True,0.8453947368421053,11,0.06666666666666667,2007-09-17
KOTAKBANK.NS,Financial Services,,553200003.7782751,26.686113319396974,38.02899169921875,True,1.4485553191987126,0.7985314715025744,1.1307832509933056,True,True,True,True,0.8125,12,0.06666666666666667,2007-09-17
UCOBANK.NS,Financial Services,,81019548.56335433,18.354671926498412,29.44695281982422,True,1.067900976603939,1.0008617139606022,0.7501289083985319,True,True,True,True,0.8059210526315789,13,0.06666666666666667,2007-09-17
SAIL.NS,Metals & Mining,,4231788416.367449,84.1498431968689,118.15345001220705,True,1.391374435736347,0.6810594621819916,1.0736023675309398,True,True,True,True,0.7763157894736843,14,0.06666666666666667,2007-09-17
JSWSTEEL.NS,Metals & Mining,,288548121.71595126,43.58308753013611,56.3066635131836,True,1.5521703068267936,0.5391915009210362,1.2343982386213865,True,True,True,True,0.7598684210526316,15,0.06666666666666667,2007-09-17
ABB.NS,Capital Goods,,444927435.21858215,403.87874641418455,1091.7247314453125,True,10.288080105984204,8.251126323936111,9.860805934186638,True,True,True,True,1.0,1,0.06666666666666667,2007-10-01
IFCI.NS,Financial Services,,2884999783.4204264,34.98829962730408,79.37413787841797,True,9.21649504214114,1.9494044372776913,8.789220870343575,True,True,True,True,0.9888888888888889,2,0.06666666666666667,2007-10-01
GLENMARK.NS,Healthcare,,63667584.50067749,166.37256759643554,399.0304565429688,True,3.806502368112489,1.7644535732426614,3.379228196314923,True,True,True,True,0.9666666666666667,3,0.06666666666666667,2007-10-01
RAJESHEXPO.NS,Consumer Durables,,176688416.7841324,75.43042415618896,145.2483367919922,True,4.194590915859547,1.4822055055498273,3.767316744061981,True,True,True,True,0.9666666666666667,4,0.06666666666666667,2007-10-01
IIFL.NS,Financial Services,,367282599.72910845,28.20628284931183,46.3218879699707,True,3.7890353497354017,1.5023884270713679,3.3617611779378356,True,True,True,True,0.9527777777777778,5,0.06666666666666667,2007-10-01
ADANIENT.NS,Metals & Mining,,96827548.6120067,16.57479896068573,34.89896774291992,True,3.5394528040975652,1.6486555696525853,3.112178632299999,True,True,True,True,0.9472222222222222,6,0.06666666666666667,2007-10-01
WELCORP.NS,Capital Goods,,378148179.85937345,132.11350757598876,236.4344024658203,True,2.932929129510354,1.861688880434416,2.505654957712788,True,True,True,True,0.9444444444444444,7,0.06666666666666667,2007-10-01
JINDALSTEL.NS,Metals & Mining,,139601190.52330017,98.97595081329345,167.07162475585938,True,2.1386703484936374,1.1878198732191327,1.7113961766960715,True,True,True,True,0.9083333333333333,8,0.06666666666666667,2007-10-01
JSWSTEEL.NS,Metals & Mining,,326865392.51143837,45.34766743659973,70.29678344726562,True,2.179356888585313,0.730121615347747,1.7520827167877473,True,True,True,True,0.8527777777777779,9,0.06666666666666667,2007-10-01
DIVISLAB.NS,Healthcare,,559297385.6814362,190.3070394897461,260.5799865722656,True,1.8633754184118745,0.9840309705206363,1.4361012466143086,True,True,True,True,0.8472222222222222,10,0.06666666666666667,2007-10-01
KOTAKBANK.NS,Financial Services,,599073026.3807755,27.886142091751097,45.419071197509766,True,1.8859827885788993,0.9257944748925546,1.4587086167813335,True,True,True,True,0.8472222222222222,11,0.06666666666666667,2007-10-01
SAIL.NS,Metals & Mining,,5069939891.835872,87.81231479644775,142.63104248046875,True,1.8673115775290654,0.8313599248292505,1.4400374057314995,True,True,True,True,0.8361111111111111,12,0.06666666666666667,2007-10-01
UNITDSPR.NS,Fast Moving Consumer Goods,,846591783.046196,207.992440032959,339.3738098144531,True,1.642536212908472,1.1089282207609918,1.215262041110906,True,True,True,True,0.8333333333333333,13,0.06666666666666667,2007-10-01
UCOBANK.NS,Financial Services,,124106814.57033028,19.228909521102906,36.85668182373047,True,1.3139162786542764,1.2325578493519482,0.8866421068567105,True,True,True,True,0.8305555555555555,14,0.06666666666666667,2007-10-01
CGPOWER.NS,Capital Goods,,161344473.75203922,37.83076024055481,53.66305160522461,True,1.9117010773386323,0.6770236404896011,1.4844269055410664,True,True,True,True,0.8138888888888889,15,0.06666666666666667,2007-10-01
ABB.NS,Capital Goods,,508908439.21754557,523.0234182357788,1326.7509765625,True,9.737402084440236,8.7075521001092,9.192436929433923,True,True,True,True,1.0,1,0.06666666666666667,2007-11-01
JINDALSTEL.NS,Metals & Mining,,662809990.0336075,117.64681602478028,382.6250915527344,True,5.535798403434226,3.073399666794889,4.990833248427912,True,True,True,True,0.9817708333333333,2,0.06666666666666667,2007-11-01
ADANIENT.NS,Metals & Mining,,226097804.86285752,19.98264404773712,49.9161491394043,True,4.709900456958937,2.5998633807997478,4.164935301952623,True,True,True,True,0.9713541666666666,3,0.06666666666666667,2007-11-01
IIFL.NS,Financial Services,,293060977.17055804,32.26090386867523,60.8157844543457,True,4.667359363975717,1.6308121915281624,4.1223942089694035,True,True,True,True,0.9557291666666667,4,0.06666666666666667,2007-11-01
GLENMARK.NS,Healthcare,,132735804.35479431,197.1150860595703,464.44146728515625,True,3.872214256415387,2.012406556432131,3.3272491014090733,True,True,True,True,0.9531249999999999,5,0.06666666666666667,2007-11-01
WELCORP.NS,Capital Goods,,441428059.98920923,151.80033164978028,262.9887390136719,True,3.628733091569071,1.4026371640421678,3.083767936562757,True,True,True,True,0.9348958333333334,6,0.06666666666666667,2007-11-01
LT.NS,Construction,,2428833260.0309467,372.97171600341795,740.3134155273438,True,2.3754124893625193,1.5055399303097166,1.8304473343562055,True,True,True,True,0.9218749999999999,7,0.06666666666666667,2007-11-01
IFCI.NS,Financial Services,,3084534426.177357,41.46257884025574,70.8440170288086,True,5.72623465936939,0.8237109783835559,5.181269504363076,True,True,True,True,0.9192708333333334,8,0.06666666666666667,2007-11-01
RAJESHEXPO.NS,Consumer Durables,,240531270.402932,84.65988655090332,137.48655700683594,True,2.9064065074699794,1.2076710299498807,2.3614413524636655,True,True,True,True,0.9140625000000001,9,0.06666666666666667,2007-11-01
DIVISLAB.NS,Healthcare,,330106965.6203888,210.82394107818604,367.6867370605469,True,2.292772466377204,1.2712395238946677,1.7478073113708905,True,True,True,True,0.9010416666666666,10,0.06666666666666667,2007-11-01
VEDL.NS,Metals & Mining,,155813941.35990843,27.967590942382813,54.2319450378418,True,2.217405099637389,1.1576678588044813,1.6724399446310751,True,True,True,True,0.8776041666666666,11,0.06666666666666667,2007-11-01
UNITDSPR.NS,Fast Moving Consumer Goods,,826583640.325442,229.20873291015624,386.9814147949219,True,1.9140454056861382,1.275311131211522,1.3690802506798245,True,True,True,True,0.8645833333333333,12,0.06666666666666667,2007-11-01
CGPOWER.NS,Capital Goods,,186843544.48151487,40.73523978233337,65.21666717529297,True,2.2859684906672904,0.8394387912924419,1.7410033356609766,True,True,True,True,0.8541666666666667,13,0.06666666666666667,2007-11-01
SAIL.NS,Metals & Mining,,7606535181.171184,99.08633605957031,179.7089080810547,True,1.9304884407421246,0.9733609575424393,1.3855232857358109,True,True,True,True,0.8463541666666667,14,0.06666666666666667,2007-11-01
KOTAKBANK.NS,Financial Services,,681540294.0531286,30.98498010635376,49.29265213012695,True,1.9705409665761144,0.8340900045590471,1.4255758115698007,True,True,True,True,0.8359375,15,0.06666666666666667,2007-11-01
ABB.NS,Capital Goods,,486263251.40598553,649.9702096557617,1310.4986572265625,True,10.16775234473174,7.337710675998007,9.695499512573502,True,True,True,True,1.0,1,0.06666666666666667,2007-12-03
JINDALSTEL.NS,Metals & Mining,,1595816585.3934479,149.66286479949952,435.7593078613281,True,5.554237102779683,2.661024462768703,5.081984270621444,True,True,True,True,0.9833333333333334,2,0.06666666666666667,2007-12-03
IFCI.NS,Financial Services,,3074026462.1285863,46.578647203445435,75.72982788085938,True,5.952206060993403,1.0421168101859166,5.479953228835163,True,True,True,True,0.9571428571428572,3,0.06666666666666667,2007-12-03
WELCORP.NS,Capital Goods,,541223770.2082428,173.85006275177003,333.90704345703125,True,4.004847968379454,1.3696770491467762,3.5325951362212145,True,True,True,True,0.9571428571428572,4,0.06666666666666667,2007-12-03
ADANIENT.NS,Metals & Mining,,254873685.1132514,23.904957365989684,50.12002182006836,True,2.9984086905157166,2.379864926699438,2.5261558583574777,True,True,True,True,0.9571428571428571,5,0.06666666666666667,2007-12-03
NLCINDIA.NS,Power,,461351935.0513334,41.28167429924011,113.53099060058594,True,2.6892235360851733,2.482023536194879,2.2169707039269344,True,True,True,True,0.9523809523809523,6,0.06666666666666667,2007-12-03
IIFL.NS,Financial Services,,245474333.63604286,36.85415934085846,68.75067138671875,True,3.515446469855248,0.9880162477795202,3.0431936376970086,True,True,True,True,0.9333333333333333,7,0.06666666666666667,2007-12-03
GLENMARK.NS,Healthcare,,167920612.0335322,228.95448669433594,430.6261901855469,True,2.3299003301875216,1.5547779381896487,1.8576474980292825,True,True,True,True,0.9261904761904762,8,0.06666666666666667,2007-12-03
KOTAKBANK.NS,Financial Services,,663247395.4524015,34.03946215629578,60.75083923339844,True,2.1855328849848394,1.1461100186972235,1.7132800528266003,True,True,True,True,0.9095238095238095,9,0.06666666666666667,2007-12-03
MRPL.NS,Oil Gas & Consumable Fuels,,696198503.0447327,38.83381732940674,93.42204284667967,True,1.9585284013871598,2.0425361976292096,1.4862755692289207,True,True,True,True,0.8904761904761905,10,0.06666666666666667,2007-12-03
LT.NS,Construction,,3207282797.361829,421.35397102355955,720.3368530273438,True,1.9861516005939657,1.0990421807559683,1.5138987684357266,True,True,True,True,0.8857142857142857,11,0.06666666666666667,2007-12-03
RAJESHEXPO.NS,Consumer Durables,,305599651.4247757,91.31608331680297,134.73011779785156,True,2.429043168320215,0.701371957769729,1.956790336161976,True,True,True,True,0.8690476190476191,12,0.06666666666666667,2007-12-03
VEDL.NS,Metals & Mining,,210850691.77655602,30.64246419906616,50.13949203491211,True,1.8438299868407788,1.0844831709572933,1.3715771546825397,True,True,True,True,0.8619047619047618,13,0.06666666666666667,2007-12-03
SAIL.NS,Metals & Mining,,8611296157.900047,110.06384658813477,178.05641174316406,True,1.9818832228478325,0.8826692489340202,1.5096303906895934,True,True,True,True,0.8547619047619047,14,0.06666666666666667,2007-12-03
INDUSINDBK.NS,Financial Services,,278335961.98850465,51.2328678894043,105.82337188720705,True,1.5743658291977716,1.6275911753885652,1.1021129970395325,True,True,True,True,0.8523809523809522,15,0.06666666666666667,2007-12-03
GMDCLTD.NS,Metals & Mining,,50816070.94220038,38.600764722824096,165.9521026611328,True,37.547844327872035,15.461412310750898,36.879089589690516,True,True,True,True,1.0,1,0.06666666666666667,2008-01-01
JINDALSTEL.NS,Metals & Mining,,2407785278.6793137,188.20816883087159,495.9956970214844,True,6.142674070628274,3.460824313663762,5.473919332446756,True,True,True,True,0.9793388429752066,2,0.06666666666666667,2008-01-01
IIFL.NS,Financial Services,,199381235.39678732,43.078144731521604,106.53536224365234,True,5.754478218386912,1.7017939011424352,5.085723480205393,True,True,True,True,0.9586776859504132,3,0.06666666666666667,2008-01-01
ADANIENT.NS,Metals & Mining,,238653208.4197837,28.05454777240753,72.096923828125,True,4.249371283126807,3.1901206647117712,3.580616544945289,True,True,True,True,0.956611570247934,4,0.06666666666666667,2008-01-01
NLCINDIA.NS,Power,,573103489.1391406,50.28436857223511,124.36992645263672,True,3.686039939273618,3.2208400386755924,3.0172852010920996,True,True,True,True,0.9524793388429752,5,0.06666666666666667,2008-01-01
GLENMARK.NS,Healthcare,,205509379.8056539,265.202900390625,563.76318359375,True,2.7884205945600313,2.6332428073968837,2.1196658563785133,True,True,True,True,0.9421487603305785,6,0.06666666666666667,2008-01-01
WELCORP.NS,Capital Goods,,445102427.1685293,199.57364166259765,364.7342224121094,True,4.296462661426165,1.0674941525480461,3.627707923244647,True,True,True,True,0.9276859504132231,7,0.06666666666666667,2008-01-01
MRPL.NS,Oil Gas & Consumable Fuels,,850956562.4346029,46.06489789009094,105.27350616455078,True,2.519763903745805,2.4412561284958576,1.8510091655642869,True,True,True,True,0.9214876033057852,8,0.06666666666666667,2008-01-01
TRIVENI.NS,Fast Moving Consumer Goods,,503547384.83523095,39.37382357597351,81.3788070678711,True,2.48721837536362,2.0309272140132406,1.818463637182102,True,True,True,True,0.9132231404958677,9,0.06666666666666667,2008-01-01
JSWSTEEL.NS,Metals & Mining,,596639931.6740175,60.8662487411499,108.74799346923828,True,2.5821069525469658,1.1576315882288744,1.9133522143654476,True,True,True,True,0.9070247933884298,10,0.06666666666666667,2008-01-01
SAIL.NS,Metals & Mining,,9782273769.494802,120.98999153137207,195.924057006836,True,2.5505447280507565,1.1966153684290668,1.8817899898692383,True,True,True,True,0.9049586776859504,11,0.06666666666666667,2008-01-01
IFCI.NS,Financial Services,,3376659175.833507,51.97705017089844,74.2480697631836,True,7.3891401466743964,0.661290487780646,6.720385408492878,True,True,True,True,0.8925619834710744,12,0.06666666666666667,2008-01-01
RCF.NS,Chemicals,,64432279.87574183,32.48599726676941,74.49359130859375,True,2.280518316588222,1.745920764603751,1.611763578406704,True,True,True,True,0.8863636363636364,13,0.06666666666666667,2008-01-01
TTML.NS,Telecommunication,,1965882686.8608541,28.784181861877443,52.598907470703125,True,2.3494625575744412,1.201413417689123,1.680707819392923,True,True,True,True,0.8760330578512396,14,0.06666666666666667,2008-01-01
INDUSINDBK.NS,Financial Services,,286201581.4813267,58.13325267791748,113.04967498779295,True,2.067360789674807,1.3666527205774717,1.398606051493289,True,True,True,True,0.8698347107438016,15,0.06666666666666667,2008-01-01
GMDCLTD.NS,Metals & Mining,,52940374.59220098,54.241262645721434,123.16958618164062,True,25.285368531457785,10.01272435776638,25.015402194319005,True,True,True,True,1.0,1,0.06666666666666667,2008-02-01
JINDALSTEL.NS,Metals & Mining,,2438161060.4351225,230.72408420562743,371.3105163574219,True,3.9416724517699064,1.8360431530836143,3.6717061146311254,True,True,True,True,0.971830985915493,2,0.06666666666666667,2008-02-01
ADANIENT.NS,Metals & Mining,,181271527.34401977,34.2168871641159,55.01284408569336,True,3.019048646214266,1.7912166586311837,2.749082309075485,True,True,True,True,0.9471830985915493,3,0.06666666666666667,2008-02-01
WELCORP.NS,Capital Goods,,450737121.66833854,233.33962757110595,377.4723205566406,True,3.1010150324804258,1.0272353015556464,2.8310486953416447,True,True,True,True,0.9401408450704225,4,0.06666666666666667,2008-02-01
GLENMARK.NS,Healthcare,,164359992.3919271,307.2986915588379,466.5236206054688,True,2.130931294114033,1.946045157781664,1.8609649569752522,True,True,True,True,0.9330985915492958,5,0.06666666666666667,2008-02-01
UCOBANK.NS,Financial Services,,304684117.05787235,30.495258626937865,44.6119384765625,True,1.6140820085874248,1.1760293423172348,1.344115671448644,True,True,True,True,0.9084507042253521,6,0.06666666666666667,2008-02-01
IIFL.NS,Financial Services,,193945626.4016838,50.83895824432373,64.31629180908203,True,2.569712388415589,0.7577013780126598,2.2997460512768084,True,True,True,True,0.8943661971830986,7,0.06666666666666667,2008-02-01
TRIVENI.NS,Fast Moving Consumer Goods,,468970037.28213966,44.908640832901,55.47709274291992,True,1.4010593199876271,1.062657442118104,1.1310929828488463,True,True,True,True,0.8943661971830986,8,0.06666666666666667,2008-02-01
NLCINDIA.NS,Power,,589600415.0404135,58.76453783988953,68.65450286865234,True,1.3682093992986704,0.9245654550680797,1.0982430621598895,True,True,True,True,0.8697183098591548,9,0.06666666666666667,2008-02-01
TORNTPOWER.NS,Power,,81711196.58114383,81.10295114517211,117.01844024658205,True,1.1889383966866172,1.4406400214373738,0.9189720595478363,True,True,True,True,0.8169014084507041,10,0.06666666666666667,2008-02-01
AXISBANK.NS,Financial Services,,574806862.938975,133.43845359802245,199.63511657714844,True,1.242428776639077,0.8135919797272502,0.9724624395002961,True,True,True,True,0.8063380281690142,11,0.06666666666666667,2008-02-01
RAJESHEXPO.NS,Consumer Durables,,356988329.2598943,107.2276583480835,149.4103240966797,True,1.211141024286126,0.771608093911329,0.9411746871473452,True,True,True,True,0.7922535211267605,12,0.06666666666666667,2008-02-01
LT.NS,Construction,,2557269983.63249,513.7911463928223,636.2603759765625,True,1.2834489059608933,0.4686620784874507,1.0134825688221125,True,True,True,True,0.7887323943661972,13,0.06666666666666667,2008-02-01
RCF.NS,Chemicals,,80491149.66890647,38.46527241706848,56.81875991821289,True,1.1768215741655785,1.0584192511098691,0.9068552370267977,True,True,True,True,0.7852112676056338,14,0.06666666666666667,2008-02-01
RENUKA.NS,Fast Moving Consumer Goods,,345368525.3452034,32.09760522842407,39.69523239135742,True,1.2466179396656845,0.46006282166850143,0.9766516025269036,True,True,True,True,0.7746478873239437,15,0.06666666666666667,2008-02-01
JINDALSTEL.NS,Metals & Mining,,2136114096.7261658,260.01200889587403,371.5157470703125,True,3.9274225014854522,1.94096741052121,3.541973705269028,True,True,True,True,1.0,1,0.06666666666666667,2008-03-03
RENUKA.NS,Fast Moving Consumer Goods,,432727752.08014935,34.509579782485964,54.79197311401367,True,2.7327735666563644,1.244256776182238,2.3473247704399403,True,True,True,True,0.9589552238805971,2,0.06666666666666667,2008-03-03
GLENMARK.NS,Healthcare,,158745439.17954,339.76386695861817,459.14544677734375,True,2.417775785784269,1.8271085480637153,2.032326989567845,True,True,True,True,0.9514925373134329,3,0.06666666666666667,2008-03-03
WELCORP.NS,Capital Goods,,371654221.67536217,259.6702710342407,351.7564392089844,True,3.1283565592500846,0.7792361082114556,2.7429077630336605,True,True,True,True,0.9514925373134329,4,0.06666666666666667,2008-03-03
ADANIENT.NS,Metals & Mining,,152331031.9206726,37.634975199699404,43.08189392089844,True,2.3333542399829046,1.007600455927808,1.9479054437664804,True,True,True,True,0.9253731343283582,5,0.06666666666666667,2008-03-03
IIFL.NS,Financial Services,,180931220.72925916,54.95547519683838,61.456764221191406,True,2.877043466301468,0.638600515730513,2.491594670085044,True,True,True,True,0.917910447761194,6,0.06666666666666667,2008-03-03
NLCINDIA.NS,Power,,386050433.8824718,63.47672803878784,73.76131439208984,True,1.7064430091296554,0.9970907219043914,1.3209942129132313,True,True,True,True,0.8992537313432836,7,0.06666666666666667,2008-03-03
TATAPOWER.NS,Power,,841141135.9240258,75.55119115829467,106.48954010009766,True,1.6223082810761578,1.044395728589118,1.2368594848597336,True,True,True,True,0.8992537313432836,8,0.06666666666666667,2008-03-03
TRIVENI.NS,Fast Moving Consumer Goods,,441381252.45043933,48.950115051269535,65.05656433105469,True,2.1779471459213053,0.7616354043700968,1.7924983497048812,True,True,True,True,0.8880597014925373,9,0.06666666666666667,2008-03-03
MRPL.NS,Oil Gas & Consumable Fuels,,443886431.46981174,56.86825021743775,66.59217071533203,True,1.3643171152541647,1.0366000856325197,0.9788683190377405,True,True,True,True,0.8619402985074627,10,0.06666666666666667,2008-03-03
UCOBANK.NS,Financial Services,,239776741.6243442,32.838345527648926,38.85308837890625,True,1.485061328967217,0.5812501203197182,1.0996125327507928,True,True,True,True,0.8246268656716417,11,0.06666666666666667,2008-03-03
SAIL.NS,Metals & Mining,,7609178776.085763,137.95088787078856,176.7625274658203,True,1.3832388141563574,0.5244707280541916,0.9977900179399333,True,True,True,True,0.8059701492537313,12,0.06666666666666667,2008-03-03
JSWSTEEL.NS,Metals & Mining,,649475699.7922224,71.43369787216187,87.32807159423828,True,1.2648004030087945,0.6472601909272258,0.8793516067923703,True,True,True,True,0.7649253731343284,13,0.06666666666666667,2008-03-03
TATASTEEL.NS,Metals & Mining,,970262484.174638,38.77137511253357,46.881813049316406,True,1.3413819023268578,0.4877220242862441,0.9559331061104337,True,True,True,True,0.7649253731343283,14,0.06666666666666667,2008-03-03
INDUSINDBK.NS,Financial Services,,161487138.50288555,70.56911256790161,88.71075439453125,True,1.2441992664346517,0.8753516134279251,0.8587504702182276,True,True,True,True,0.7611940298507462,15,0.06666666666666667,2008-03-03
JINDALSTEL.NS,Metals & Mining,,1789880664.2833526,279.632823677063,333.6534423828125,True,3.3847192328836018,0.9770345032172689,3.1488198985139024,True,True,True,True,1.0,1,0.06666666666666667,2008-04-01
WELCORP.NS,Capital Goods,,352272446.9115707,273.8448267364502,305.9949645996094,True,2.774455884203286,0.2996943525212028,2.5385565498335865,True,True,True,True,0.9021739130434783,2,0.06666666666666667,2008-04-01
TATAPOWER.NS,Power,,776066854.6259723,79.48813335418701,89.11528778076172,True,1.3457198439281992,0.4089840940242788,1.1098205095584999,True,True,True,True,0.858695652173913,3,0.06666666666666667,2008-04-01
GLENMARK.NS,Healthcare,,120913718.50418702,365.2357415008545,462.55078125,True,2.298186883991649,0.23786261831241307,2.0622875496219497,True,True,True,True,0.8260869565217391,4,0.06666666666666667,2008-04-01
RENUKA.NS,Fast Moving Consumer Goods,,579656296.8948326,36.077973222732545,44.75295639038086,True,1.1248968271951285,0.37077517253112013,0.8889974928254292,True,True,True,True,0.782608695652174,5,0.06666666666666667,2008-04-01
NATIONALUM.NS,Metals & Mining,,67753628.13388723,39.210783100128175,51.34041213989258,True,1.003636552029998,0.5609211983386151,0.7677372176602986,True,True,True,True,0.6956521739130435,6,0.06666666666666667,2008-04-01
TATASTEEL.NS,Metals & Mining,,945638503.4756955,40.01992147445679,40.60166549682617,True,1.0725408971379573,0.18192134400001425,0.836641562768258,True,True,True,True,0.6739130434782608,7,0.06666666666666667,2008-04-01
MRPL.NS,Oil Gas & Consumable Fuels,,266370884.8843772,59.260223445892336,60.29967880249024,True,1.3426999146934215,0.05114385181684944,1.1068005803237222,True,True,True,True,0.6521739130434783,8,0.06666666666666667,2008-04-01
LICHSGFIN.NS,Financial Services,,164043726.43904558,39.54164315223694,41.62931060791016,True,1.0414824367908082,0.2801361584163622,0.8055831024211089,True,True,True,True,0.6413043478260869,9,0.06666666666666667,2008-04-01
VEDL.NS,Metals & Mining,,172287853.07891592,40.39411525726318,46.00719833374024,True,0.7798048230076811,0.42056961250010616,0.5439054886379817,True,True,True,True,0.6413043478260869,10,0.06666666666666667,2008-04-01
VOLTAS.NS,Consumer Durables,,200456941.7454816,152.4001042175293,152.73068237304688,True,1.0508630261410628,0.11341783467165256,0.8149636917713634,True,True,True,True,0.5869565217391304,11,0.06666666666666667,2008-04-01
GODREJIND.NS,Diversified,,83401198.26532008,233.40253173828125,240.74522399902344,True,0.6083152173580639,0.48378750159758344,0.3724158829883646,True,True,True,True,0.5217391304347826,12,0.06666666666666667,2008-04-01
ASIANPAINT.NS,Consumer Durables,,67091624.24418386,84.51381198883057,100.99757385253906,True,0.6289993407931869,0.23003316956992537,0.3931000064234875,True,True,True,True,0.48913043478260865,13,0.06666666666666667,2008-04-01
EXIDEIND.NS,Automobile and Auto Components,,64304282.45826842,52.67774452209473,55.39992904663086,True,0.6667296736056931,0.11138483159137214,0.4308303392359938,True,True,True,True,0.44565217391304346,14,0.06666666666666667,2008-04-01
GAIL.NS,Oil Gas & Consumable Fuels,,377429213.98626286,28.017670421600343,30.400590896606445,True,0.6206788488067745,0.14420806345157944,0.38477951443707514,True,True,True,True,0.42391304347826086,15,0.06666666666666667,2008-04-01
JINDALSTEL.NS,Metals & Mining,,1519341389.3215668,301.6293148422241,386.7880859375,True,3.3061997719196885,0.5200699740092085,3.0725332605756663,True,True,True,True,0.9734042553191489,1,0.06666666666666667,2008-05-02
GLENMARK.NS,Healthcare,,141653448.29680634,401.537453918457,634.943115234375,True,3.02604548991743,0.5596486554114499,2.792378978573408,True,True,True,True,0.9680851063829786,2,0.06666666666666667,2008-05-02
RENUKA.NS,Fast Moving Consumer Goods,,615106309.2868248,38.39586277008057,58.63621139526367,True,1.8949366913383634,0.6255042843215517,1.6612701799943412,True,True,True,True,0.9308510638297872,3,0.06666666666666667,2008-05-02
MRPL.NS,Oil Gas & Consumable Fuels,,243636119.25060877,63.41599621772766,78.5208511352539,True,1.6488036851519858,0.7237289806177976,1.4151371738079637,True,True,True,True,0.9042553191489362,4,0.06666666666666667,2008-05-02
WELCORP.NS,Capital Goods,,295597898.7897329,288.6583358001709,321.0092163085937,True,2.07219946049448,0.2469362498132941,1.8385329491504576,True,True,True,True,0.8936170212765957,5,0.06666666666666667,2008-05-02
ADANIENT.NS,Metals & Mining,,68678980.83876024,42.55807515144348,53.03689193725586,True,2.7246695241579193,0.07358271136311911,2.491003012813897,True,True,True,True,0.8297872340425533,6,0.06666666666666667,2008-05-02
LICHSGFIN.NS,Financial Services,,124281252.77109082,41.18769718170166,53.079402923583984,True,1.507344522919328,0.3550694857387271,1.273678011575306,True,True,True,True,0.8297872340425532,7,0.06666666666666667,2008-05-02
NLCINDIA.NS,Power,,265157450.1509512,69.73279273033143,75.72990417480469,True,1.5272704137994202,0.21170228076992226,1.293603902455398,True,True,True,True,0.8138297872340425,8,0.06666666666666667,2008-05-02
VEDL.NS,Metals & Mining,,262784613.15174484,42.566888637542725,61.55290985107422,True,1.4194694425461836,0.27054671366047534,1.1858029312021614,True,True,True,True,0.8085106382978723,9,0.06666666666666667,2008-05-02
CHAMBLFERT.NS,Chemicals,,252177592.74920446,34.82953015327453,42.58114242553711,True,1.114932173249736,0.5388076960298167,0.8812656619057138,True,True,True,True,0.803191489361702,10,0.06666666666666667,2008-05-02
TATAPOWER.NS,Power,,625476915.6515936,84.2594785118103,106.18907165527344,True,1.3669536301421,0.2461057220944589,1.1332871187980778,True,True,True,True,0.776595744680851,11,0.06666666666666667,2008-05-02
TRIVENI.NS,Fast Moving Consumer Goods,,168878049.7932478,54.29674512863159,59.70878219604492,True,1.6918824320620942,-0.048222261274173284,1.458215920718072,True,True,True,True,0.6861702127659575,12,0.06666666666666667,2008-05-02
NATIONALUM.NS,Metals & Mining,,77015556.74098612,41.29001550674438,51.0335807800293,True,0.8489991838675279,0.500196577642674,0.6153326725235058,True,True,True,True,0.6808510638297873,13,0.06666666666666667,2008-05-02
DIVISLAB.NS,Healthcare,,111241129.64719136,306.25258346557615,320.74346923828125,True,1.0796809319711813,0.026731037689676773,0.8460144206271591,True,True,True,True,0.6436170212765957,14,0.06666666666666667,2008-05-02
INDUSINDBK.NS,Financial Services,,103147003.02430846,76.59081617355346,80.15442657470703,True,1.0436010986737698,0.08719148642014551,0.8099345873297477,True,True,True,True,0.6436170212765957,15,0.06666666666666667,2008-05-02
GLENMARK.NS,Healthcare,,177942923.3747691,447.2143098449707,623.5921630859375,True,2.762310442513462,0.4378408464415602,2.645610681851932,True,True,True,True,0.9848484848484849,1,0.06666666666666667,2008-06-02
VEDL.NS,Metals & Mining,,401899587.14264935,45.94468086242676,62.65654373168945,True,1.6012877810463397,0.2853091026442016,1.4845880203848096,True,True,True,True,0.8787878787878788,2,0.06666666666666667,2008-06-02
CHAMBLFERT.NS,Chemicals,,488432935.48718685,37.320907793045045,52.16812515258789,True,1.587296337995447,0.3042798748667519,1.470596577333917,True,True,True,True,0.8712121212121212,3,0.06666666666666667,2008-06-02
NATIONALUM.NS,Metals & Mining,,92426466.009227,43.855787630081174,61.22098159790039,True,1.2012698024726562,0.6347884184949837,1.0845700418111262,True,True,True,True,0.8409090909090908,4,0.06666666666666667,2008-06-02
TATAPOWER.NS,Power,,561875080.3587259,89.61124982833863,103.07022094726562,True,1.2731048212630625,0.17842234902903464,1.1564050606015324,True,True,True,True,0.7727272727272728,5,0.06666666666666667,2008-06-02
JINDALSTEL.NS,Metals & Mining,,1202942531.7615845,326.132511177063,377.07666015625,True,2.6341298941978484,-0.03314002208056721,2.517430133536318,True,True,True,True,0.7575757575757576,6,0.06666666666666667,2008-06-02
ADANIENT.NS,Metals & Mining,,67005482.254569754,45.826948194503785,49.65896224975586,True,2.348773179045921,-0.06755021790208027,2.232073418384391,True,True,True,True,0.7196969696969697,7,0.06666666666666667,2008-06-02
RENUKA.NS,Fast Moving Consumer Goods,,716196796.5777295,41.47308793067932,51.96669006347656,True,0.8943616180415763,0.6152826522555372,0.7776618573800462,True,True,True,True,0.7196969696969696,8,0.06666666666666667,2008-06-02
JSWSTEEL.NS,Metals & Mining,,640449816.5706857,77.87901132583619,98.1502456665039,True,0.8971114384853485,0.2890049589333945,0.7804116778238184,True,True,True,True,0.7045454545454545,9,0.06666666666666667,2008-06-02
WELCORP.NS,Capital Goods,,295228349.6461176,299.52589065551757,311.5454406738281,True,1.278487225258354,-0.021938155945200544,1.1617874645968238,True,True,True,True,0.6818181818181819,10,0.06666666666666667,2008-06-02
GESHIP.NS,Services,,73901094.60677923,235.94269020080566,289.7110900878906,True,1.015953062439472,0.11744172578407164,0.8992533017779418,True,True,True,True,0.6742424242424243,11,0.06666666666666667,2008-06-02
TATACHEM.NS,Chemicals,,80935754.76633123,55.46567960739136,70.36663055419922,True,0.7031983530686616,0.3210443433336396,0.5864985924071315,True,True,True,True,0.6742424242424242,12,0.06666666666666667,2008-06-02
TATASTEEL.NS,Metals & Mining,,1071483728.090075,43.45832027435303,52.7906379699707,True,0.8985050322133681,0.10413967735941232,0.781805271551838,True,True,True,True,0.6363636363636365,13,0.06666666666666667,2008-06-02
LICHSGFIN.NS,Financial Services,,128724457.93393135,43.400975427627564,50.222412109375,True,1.0336739729123137,0.023931230542454385,0.9169742122507836,True,True,True,True,0.6363636363636364,14,0.06666666666666667,2008-06-02
ITC.NS,Fast Moving Consumer Goods,,662006525.886275,35.63949673652649,39.82935333251953,True,0.3362861844081857,0.17925807559927875,0.2195864237466556,True,True,True,True,0.553030303030303,15,0.06666666666666667,2008-06-02
GLENMARK.NS,Healthcare,,226062083.48045197,496.61290817260743,602.2617797851562,True,2.890470218650899,0.10442308402606071,2.9991280661224775,True,True,True,True,0.975,1,0.1,2008-07-01
CHAMBLFERT.NS,Chemicals,,875253140.4331073,39.73523994445801,41.92747497558594,True,1.0316741228302044,-0.2173157028771796,1.1403319703017831,True,True,True,True,0.7000000000000001,2,0.1,2008-07-01
SUNPHARMA.NS,Healthcare,,382021639.7255974,103.39374359130859,122.46910858154295,True,0.35011832680672206,0.158671759577792,0.45877617427830075,True,True,True,True,0.7000000000000001,3,0.1,2008-07-01
VEDL.NS,Metals & Mining,,462213533.8940074,48.71361309051514,49.419551849365234,True,0.9610436929210096,-0.09058899681282417,1.0697015403925882,True,True,True,True,0.675,4,0.1,2008-07-01
RENUKA.NS,Fast Moving Consumer Goods,,656941817.3904607,43.98947465896607,45.66769790649414,True,0.654428803599759,-0.042950732022178806,0.7630866510713377,True,True,True,True,0.6499999999999999,5,0.1,2008-07-01
CIPLA.NS,Healthcare,,202176279.27646968,175.64962562561035,186.34727478027344,True,0.032573993024213266,-0.026297518650108875,0.14123184049579196,True,True,True,True,0.475,6,0.1,2008-07-01
DRREDDY.NS,Healthcare,,227623553.89924303,111.03066387176514,118.41858673095705,True,0.03703258034577339,-0.07204185919960215,0.1456904278173521,True,True,True,True,0.475,7,0.1,2008-07-01
LUPIN.NS,Healthcare,,124403345.46929614,102.75402450561523,118.29296112060548,True,-0.0543583852906081,0.06426158621833356,0.05429946218097059,True,True,True,True,0.425,8,0.1,2008-07-01
INFY.NS,Information Technology,,2304173125.5797606,136.26085132598877,141.67758178710938,True,-0.08044292926586916,-0.030742384919094756,0.028214918205709538,True,True,True,True,0.3,9,0.1,2008-07-01
OFSS.NS,Information Technology,,92993376.12122345,723.1477055358887,737.9562377929688,True,-0.45675943145971776,-0.10479019349075902,-0.34810158398813906,True,True,True,True,0.125,10,0.1,2008-07-01
CHAMBLFERT.NS,Chemicals,,1057833360.3311874,40.6153584766388,48.44901657104492,True,1.2172599337350918,0.5289946152517726,1.2859240189385082,True,True,True,True,0.9423076923076923,1,0.07692307692307693,2008-08-01
GLENMARK.NS,Healthcare,,207735081.14419964,522.2650410461425,611.8154907226562,True,2.791182461897122,0.2556783704817933,2.8598465471005383,True,True,True,True,0.9038461538461539,2,0.07692307692307693,2008-08-01
RENUKA.NS,Fast Moving Consumer Goods,,839107603.6451142,46.53129372596741,58.12673568725586,True,1.0004496476665912,0.3259376758843864,1.0691137328700075,True,True,True,True,0.826923076923077,3,0.07692307692307693,2008-08-01
SUNPHARMA.NS,Healthcare,,358907788.1788864,107.33050918579102,123.34768676757812,True,0.5108688186219488,0.42130485465571166,0.5795329038253652,True,True,True,True,0.6730769230769231,4,0.07692307692307693,2008-08-01
LICHSGFIN.NS,Financial Services,,141750062.3906342,46.12305099487305,49.344276428222656,True,0.8084549665870162,0.05293778973928043,0.8771190517904326,True,True,True,True,0.6538461538461539,5,0.07692307692307693,2008-08-01
NATIONALUM.NS,Metals & Mining,,97688345.3782079,47.481931161880496,48.25521087646485,True,0.5308723401912181,0.045626435742665894,0.5995364253946345,True,True,True,True,0.5769230769230769,6,0.07692307692307693,2008-08-01
LUPIN.NS,Healthcare,,147222757.07050642,105.10094306945801,132.8577423095703,True,0.20433532028020562,0.4535971833457195,0.272999405483622,True,True,True,True,0.5192307692307693,7,0.07692307692307693,2008-08-01
HINDUNILVR.NS,Fast Moving Consumer Goods,,393211649.3364085,156.94402069091797,171.23587036132812,True,0.27822706626860016,0.2149591982693233,0.34689115147201655,True,True,True,True,0.48076923076923084,8,0.07692307692307693,2008-08-01
TATACHEM.NS,Chemicals,,87521834.8833407,57.5126495552063,60.06614303588867,True,0.3822414480389851,0.035128750966202604,0.45090553324240146,True,True,True,True,0.4423076923076923,9,0.07692307692307693,2008-08-01
HEROMOTOCO.NS,Automobile and Auto Components,,95843924.2108251,405.3705270385742,447.56591796875,True,0.17590659290216437,0.15553773826036177,0.24457067810558075,True,True,True,True,0.3269230769230769,10,0.07692307692307693,2008-08-01
CIPLA.NS,Healthcare,,219789428.0361534,179.5284394836426,193.2784118652344,True,0.17568840042647715,0.18548579184305813,0.24435248562989353,True,True,True,True,0.2884615384615385,11,0.07692307692307693,2008-08-01
OFSS.NS,Information Technology,,111251548.30723776,692.1043910217285,742.0584106445312,True,-0.37077274371659563,0.30177824290182587,-0.30210865851317925,True,True,True,True,0.23076923076923078,12,0.07692307692307693,2008-08-01
UPL.NS,Chemicals,,63767559.04759292,89.81280113220215,93.49298095703124,True,0.09395078650148725,-0.02690344164388303,0.16261487170490363,True,True,True,True,0.13461538461538464,13,0.07692307692307693,2008-08-01
GLENMARK.NS,Healthcare,,213496519.04803163,539.4833517456054,597.8160400390625,True,2.8020150106844866,0.2518567536279859,2.8262890040166195,True,True,True,True,0.9666666666666667,1,0.06666666666666667,2008-09-01
RENUKA.NS,Fast Moving Consumer Goods,,864148953.5896913,48.90817248344421,54.32881546020508,True,1.4841661579250318,0.1133257891987649,1.5084401512571648,True,True,True,True,0.7833333333333334,2,0.06666666666666667,2008-09-01
SUNPHARMA.NS,Healthcare,,352617412.007314,111.14939224243165,129.64370727539062,True,0.6390603625740041,0.29680126384370475,0.6633343559061372,True,True,True,True,0.7833333333333333,3,0.06666666666666667,2008-09-01
LICHSGFIN.NS,Financial Services,,127747252.23392105,46.90864084243774,50.0157356262207,True,0.824179779445422,0.11817182457648512,0.8484537727775551,True,True,True,True,0.7666666666666667,4,0.06666666666666667,2008-09-01
CHAMBLFERT.NS,Chemicals,,993948090.6567596,42.731174058914185,46.69246673583984,True,0.5790358723785696,0.2265608496996363,0.6033098657107027,True,True,True,True,0.7,5,0.06666666666666667,2008-09-01
BALRAMCHIN.NS,Fast Moving Consumer Goods,,271849360.0422662,73.17161294937134,73.74656677246094,True,0.7261681325059155,-0.0037756329549661904,0.7504421258380486,True,True,True,True,0.6166666666666667,6,0.06666666666666667,2008-09-01
TATACHEM.NS,Chemicals,,90711073.85111587,58.11352283477783,62.09591293334961,True,0.4480608940842994,0.17748893730893367,0.4723348874164325,True,True,True,True,0.6166666666666667,7,0.06666666666666667,2008-09-01
CIPLA.NS,Healthcare,,231114207.86774978,184.09587783813475,213.7816925048828,True,0.4213160526758686,0.1965465451103201,0.4455900460080017,True,True,True,True,0.5833333333333333,8,0.06666666666666667,2008-09-01
LUPIN.NS,Healthcare,,108552994.1177152,107.94253227233887,131.79501342773438,True,0.2352373335987632,0.35836585026962253,0.2595113269308963,True,True,True,True,0.44999999999999996,9,0.06666666666666667,2008-09-01
HEROMOTOCO.NS,Automobile and Auto Components,,100937798.4920166,410.15867965698243,461.4020080566406,True,0.2929250353028623,0.1177502638344432,0.3171990286349954,True,True,True,True,0.4,10,0.06666666666666667,2008-09-01
HINDUNILVR.NS,Fast Moving Consumer Goods,,396381224.35539526,159.98282722473144,177.9959259033203,True,0.2771496116975636,0.17041438890960237,0.3014236050296967,True,True,True,True,0.39999999999999997,11,0.06666666666666667,2008-09-01
DIVISLAB.NS,Healthcare,,145666852.34696248,316.7673127746582,326.9239196777344,True,0.36862479286451655,0.07390094159179617,0.39289878619664964,True,True,True,True,0.3833333333333333,12,0.06666666666666667,2008-09-01
UPL.NS,Chemicals,,50458960.81338616,89.14315719604492,92.36557006835938,True,0.04430282568528776,0.11873421045846921,0.06857681901742085,True,True,True,True,0.23333333333333334,13,0.06666666666666667,2008-09-01
TITAN.NS,Consumer Durables,,79928570.89706166,55.39031259536743,58.12693786621094,True,0.10906426332003205,0.0872117361228888,0.13333825665216514,True,True,True,True,0.2,14,0.06666666666666667,2008-09-01
INFY.NS,Information Technology,,1918776882.2944875,133.0271392440796,142.6808624267578,True,-0.03661652039152952,0.09859369881953328,-0.012342527059396424,True,True,True,True,0.11666666666666667,15,0.06666666666666667,2008-09-01
SUNPHARMA.NS,Healthcare,,313880230.00015765,114.65015071868896,130.6167755126953,True,0.5710560923726036,0.19303180089091665,0.8270611682572935,True,True,True,True,0.9166666666666666,1,0.16666666666666666,2008-10-01
CIPLA.NS,Healthcare,,241294875.00982946,188.3147649383545,203.62911987304688,True,0.36140947152673,0.05960396253435296,0.6174145474114199,True,True,True,True,0.7500000000000001,2,0.16666666666666666,2008-10-01
LUPIN.NS,Healthcare,,70931665.98982239,111.64327983856201,129.65158081054688,True,0.2694082018373214,0.5117069566022645,0.5254132777220113,True,True,True,True,0.7499999999999999,3,0.16666666666666666,2008-10-01
HEROMOTOCO.NS,Automobile and Auto Components,,160671829.86727956,419.3485777282715,496.6291198730469,True,0.19791822554134364,0.2736965356657177,0.45392330142603354,True,True,True,True,0.5833333333333334,4,0.16666666666666666,2008-10-01
HINDUNILVR.NS,Fast Moving Consumer Goods,,513622450.9693985,163.60811698913574,182.9644470214844,True,0.15920180804715578,0.05724416881614314,0.4152068839318457,True,True,True,True,0.3333333333333333,5,0.16666666666666666,2008-10-01
ONGC.NS,Oil Gas & Consumable Fuels,,840943911.4021896,77.10753494262696,79.33670043945312,True,0.14237534474263702,-0.001205029195976759,0.3983804206273269,True,True,True,True,0.16666666666666666,6,0.16666666666666666,2008-10-01
LUPIN.NS,Healthcare,,81498023.85459073,112.91492099761963,119.76288604736328,True,0.1377955475419108,0.16984486639264684,0.6394022335951608,True,True,True,True,1.0,1,0.5,2008-11-03
TATACOMM.NS,Telecommunication,,112104666.4146197,224.20925643920899,233.3846740722656,True,-0.059730491407700925,-0.029918898060890542,0.44187619464554906,True,True,True,True,0.5,2,0.5,2008-11-03
HINDUNILVR.NS,Fast Moving Consumer Goods,,822110487.2582402,167.8380177307129,171.4679718017578,True,0.1837409450966343,0.03281598135635866,0.7637222754816042,True,True,True,True,0.9,1,0.2,2008-12-01
HEROMOTOCO.NS,Automobile and Auto Components,,250006090.75037384,430.22785171508787,457.5444946289063,True,0.17170020116007012,0.04624372450260261,0.75168153154504,True,True,True,True,0.8,2,0.2,2008-12-01
BPCL.NS,Oil Gas & Consumable Fuels,,129004207.58409862,13.026645159721374,13.428451538085938,True,-0.09265285244268906,0.02676220684332553,0.48732847794228085,True,True,True,True,0.55,3,0.2,2008-12-01
UNIONBANK.NS,Financial Services,,138918393.38067806,98.91297084808349,102.34046936035156,True,-0.18384044270092592,0.13347103338753108,0.396140887684044,True,True,True,True,0.55,4,0.2,2008-12-01
HINDPETRO.NS,Oil Gas & Consumable Fuels,,113732169.07234465,17.28771777153015,17.700349807739258,True,-0.19719315917652114,-0.021721390581388667,0.38278817120844877,True,True,True,True,0.2,5,0.2,2008-12-01
BPCL.NS,Oil Gas & Consumable Fuels,,120006274.6773222,12.717236676216125,14.218579292297363,True,-0.09953076040031617,0.41020618028190015,0.4381477311168227,True,True,True,True,0.8181818181818182,1,0.09090909090909091,2009-01-02
HINDUNILVR.NS,Fast Moving Consumer Goods,,799207281.0247147,170.8777823638916,181.5500946044922,True,0.21176200997778238,0.1757752335182401,0.7494405014949213,True,True,True,True,0.8181818181818181,2,0.09090909090909091,2009-01-02
HEROMOTOCO.NS,Automobile and Auto Components,,235975979.41880444,435.0176203918457,457.5444946289063,True,0.16258326920553823,0.16654374483216738,0.7002617607226771,True,True,True,True,0.7272727272727273,3,0.09090909090909091,2009-01-02
HINDPETRO.NS,Oil Gas & Consumable Fuels,,131694345.8053318,17.0294921207428,20.322071075439453,True,-0.10710610633100792,0.3880015825478891,0.43057238518613095,True,True,True,True,0.7272727272727273,4,0.09090909090909091,2009-01-02
UNIONBANK.NS,Financial Services,,129159893.44046873,96.81756572723388,111.9971694946289,True,-0.11945829717068479,0.43252728567777465,0.4182201943464541,True,True,True,True,0.7272727272727272,5,0.09090909090909091,2009-01-02
PNB.NS,Financial Services,,308197715.1836653,71.54978315353394,79.2486572265625,True,-0.13423424887656443,0.24618443536361823,0.40344424264057444,True,True,True,True,0.5454545454545454,6,0.09090909090909091,2009-01-02
BANKINDIA.NS,Financial Services,,507257902.42243654,197.19613021850586,205.76483154296875,True,-0.16189436553278092,0.23615719771450783,0.37578412598435795,True,True,True,True,0.45454545454545453,7,0.09090909090909091,2009-01-02
TATACOMM.NS,Telecommunication,,140592765.73639324,218.28531105041503,241.46978759765625,True,-0.2884153393990012,0.41320554056418146,0.24926315211813765,True,True,True,True,0.4318181818181818,8,0.09090909090909091,2009-01-02
BANKBARODA.NS,Financial Services,,191721479.82714334,38.36218519210816,40.25765228271485,True,-0.2900189327351712,0.3777733128390035,0.24765955878196766,True,True,True,True,0.29545454545454547,9,0.09090909090909091,2009-01-02
NTPC.NS,Power,,703450591.3726858,81.7089984703064,85.40191650390625,True,-0.19676144271225948,0.15755895678021203,0.3409170488048794,True,True,True,True,0.29545454545454547,10,0.09090909090909091,2009-01-02
IOC.NS,Oil Gas & Consumable Fuels,,57994888.57412014,14.670617094039917,15.520289421081545,True,-0.3181700186413696,0.20428696837006455,0.21950847287576924,True,True,True,True,0.1590909090909091,11,0.09090909090909091,2009-01-02
HEROMOTOCO.NS,Automobile and Auto Components,,213470627.2398468,442.15603164672854,499.2194519042969,True,0.28612528571087137,0.2350166562128082,0.8584251222364867,True,True,True,True,0.9444444444444444,1,0.1111111111111111,2009-02-02
BPCL.NS,Oil Gas & Consumable Fuels,,112927094.49481086,12.594167504310608,14.817792892456056,True,-0.10571948581343316,0.3698493495465043,0.4665803507121822,True,True,True,True,0.8333333333333333,2,0.1111111111111111,2009-02-02
HINDUNILVR.NS,Fast Moving Consumer Goods,,596050622.4202832,172.67799476623534,189.7825164794922,True,0.23730553299267676,0.14141236253591005,0.8096053695182921,True,True,True,True,0.7777777777777778,3,0.1111111111111111,2009-02-02
HINDPETRO.NS,Oil Gas & Consumable Fuels,,158634798.76637313,17.117917490005492,21.29031753540039,True,-0.11989015675638215,0.3231748444695013,0.4524096797692332,True,True,True,True,0.7222222222222222,4,0.1111111111111111,2009-02-02
NTPC.NS,Power,,673564220.384518,81.14674402236939,91.01398468017578,True,-0.23309782286912184,0.04553097043422527,0.3392020136564935,True,True,True,True,0.47222222222222227,5,0.1111111111111111,2009-02-02
UNIONBANK.NS,Financial Services,,116899887.2348802,97.59282241821289,101.4126205444336,True,-0.27826931954429457,0.15544260475634641,0.29403051698132077,True,True,True,True,0.4722222222222222,6,0.1111111111111111,2009-02-02
IOC.NS,Oil Gas & Consumable Fuels,,62641571.461577795,14.571804971694947,16.25440788269043,True,-0.3095925100835083,0.19173534441565399,0.26270732644210704,True,True,True,True,0.33333333333333337,7,0.1111111111111111,2009-02-02
TATACOMM.NS,Telecommunication,,125432912.58529943,216.63551063537597,218.0326385498047,True,-0.3009211567116131,0.1000443898223975,0.2713786798140022,True,True,True,True,0.3333333333333333,8,0.1111111111111111,2009-02-02
POWERGRID.NS,Power,,166164186.08499202,27.1882510471344,27.44705581665039,True,-0.36004815372190735,-0.07037534707103699,0.212251682803708,True,True,True,True,0.1111111111111111,9,0.1111111111111111,2009-02-02
HINDUNILVR.NS,Fast Moving Consumer Goods,,521638671.2528366,173.795419921875,183.8711395263672,True,0.354760986611113,0.04149568312934293,0.8336357246702213,True,True,True,True,0.8611111111111112,1,0.1111111111111111,2009-03-02
HEROMOTOCO.NS,Automobile and Auto Components,,214254251.9412562,450.1971321105957,529.308837890625,True,0.3122566953350647,0.2044396319181232,0.791131433394173,True,True,True,True,0.861111111111111,2,0.1111111111111111,2009-03-02
HINDPETRO.NS,Oil Gas & Consumable Fuels,,168470578.63882363,17.43163619995117,20.8397159576416,True,0.09855304066370785,0.3058890194059227,0.5774277787228161,True,True,True,True,0.8333333333333333,3,0.1111111111111111,2009-03-02
POWERGRID.NS,Power,,189411548.16206464,26.82971601486206,30.31576156616211,True,0.040146668481589876,0.06347777027495405,0.5190214065406982,True,True,True,True,0.6388888888888888,4,0.1111111111111111,2009-03-02
NTPC.NS,Power,,619770155.846312,80.75137529373168,88.78241729736328,True,0.0044180314306347945,0.037852594094359926,0.4832927694897431,True,True,True,True,0.5,5,0.1111111111111111,2009-03-02
BPCL.NS,Oil Gas & Consumable Fuels,,114600268.10661945,12.613765811920166,14.475658416748049,True,-0.07647296899021605,0.23318281600109225,0.40240176906889225,True,True,True,True,0.38888888888888884,6,0.1111111111111111,2009-03-02
ITC.NS,Fast Moving Consumer Goods,,421680702.2402896,34.257496938705444,34.25834274291992,True,-0.04564124024931493,-0.002452708631854872,0.43323349780979337,True,True,True,True,0.3611111111111111,7,0.1111111111111111,2009-03-02
IOC.NS,Oil Gas & Consumable Fuels,,67863556.27288894,14.565465116500855,15.946555137634276,True,-0.061401420058238565,0.007836098308949158,0.41747331800086973,True,True,True,True,0.3055555555555555,8,0.1111111111111111,2009-03-02
MARUTI.NS,Automobile and Auto Components,,633502931.5857737,552.669935760498,596.200927734375,True,-0.1650086780267439,0.0986212793065031,0.3138660600323644,True,True,True,True,0.25,9,0.1111111111111111,2009-03-02
HEROMOTOCO.NS,Automobile and Auto Components,,262898364.3968216,461.72476287841795,609.8409423828125,True,0.4857619548775469,0.3104355449513758,0.9135014914240204,True,True,True,True,1.0,1,0.06666666666666667,2009-04-01
CIPLA.NS,Healthcare,,204465949.9832822,181.4995859527588,195.97027587890625,True,0.10422230147465705,0.009403810709021743,0.5319618380211305,True,True,True,True,0.8194444444444444,2,0.06666666666666667,2009-04-01
TATACOMM.NS,Telecommunication,,68743900.65800807,212.3582144165039,249.4585723876953,True,0.04970984286954416,0.2044845517290157,0.4774493794160176,True,True,True,True,0.8194444444444444,3,0.06666666666666667,2009-04-01
POWERGRID.NS,Power,,184526821.9668256,26.679034872055055,29.909048080444336,True,0.08322599595113678,0.07869895366382762,0.5109655324976102,True,True,True,True,0.7916666666666667,4,0.06666666666666667,2009-04-01
LUPIN.NS,Healthcare,,50795111.76017698,117.93179054260254,123.30227661132812,True,0.38453438146264074,-0.07324194972544429,0.8122739180091142,True,True,True,True,0.7638888888888888,5,0.06666666666666667,2009-04-01
HINDPETRO.NS,Oil Gas & Consumable Fuels,,143050844.50415194,17.582831802368165,20.05394554138184,True,0.011926614157829363,0.13463989413812105,0.4396661507043028,True,True,True,True,0.6805555555555556,6,0.06666666666666667,2009-04-01
UNIONBANK.NS,Financial Services,,107004785.09799753,95.59158424377442,100.93150329589844,True,0.021069894459115224,-0.0047441555691222215,0.4488094310055887,True,True,True,True,0.6666666666666666,7,0.06666666666666667,2009-04-01
ITC.NS,Fast Moving Consumer Goods,,422422111.86126834,33.453920888900754,34.595218658447266,True,0.0190441046505474,0.0005412607624670773,0.44678364119702085,True,True,True,True,0.6388888888888888,8,0.06666666666666667,2009-04-01
NTPC.NS,Power,,587574928.0344956,80.68906969070434,86.3108901977539,True,-0.016209025670530175,0.07937435842342389,0.4115305108759433,True,True,True,True,0.5972222222222223,9,0.06666666666666667,2009-04-01
MARUTI.NS,Automobile and Auto Components,,747124948.3447759,546.874828338623,686.4717407226562,True,-0.06501075426677083,0.11367378129534722,0.3627287822797026,True,True,True,True,0.5694444444444444,10,0.06666666666666667,2009-04-01
BPCL.NS,Oil Gas & Consumable Fuels,,105226191.96981831,12.63511658668518,14.216692924499512,True,-0.06764915954298367,0.11836481917786323,0.3600903770034898,True,True,True,True,0.5416666666666667,11,0.06666666666666667,2009-04-01
GAIL.NS,Oil Gas & Consumable Fuels,,256085999.58913562,25.085028343200683,27.27966690063477,True,-0.0680498654242403,-0.05065561133916241,0.35968967112223316,True,True,True,True,0.375,12,0.06666666666666667,2009-04-01
ACC.NS,Construction Materials,,249971629.9600291,408.8004261779785,446.4275512695313,True,-0.22696789360831426,-0.014454472981260458,0.2007716429381592,True,True,True,True,0.2777777777777778,13,0.06666666666666667,2009-04-01
BHEL.NS,Capital Goods,,1526971909.8643339,157.2286393737793,163.66397094726562,True,-0.18989877399656752,-0.05231581715201783,0.23784076254990594,True,True,True,True,0.2777777777777778,14,0.06666666666666667,2009-04-01
RENUKA.NS,Fast Moving Consumer Goods,,310873284.78968227,40.61730990409851,42.37250900268555,True,-0.09155014876392098,-0.12033234092179446,0.3361893877825525,True,True,True,True,0.27777777777777773,15,0.06666666666666667,2009-04-01
HEROMOTOCO.NS,Automobile and Auto Components,,341006773.9325806,479.97888565063477,674.6024780273438,True,0.6239361121063363,0.4338959217394729,0.9244667311409283,True,True,True,True,0.967391304347826,1,0.06666666666666667,2009-05-04
LICHSGFIN.NS,Financial Services,,139620054.0626626,38.352911682128905,55.70784378051758,True,0.3280607626837573,0.5200918707979727,0.6285913817183493,True,True,True,True,0.9510869565217392,2,0.06666666666666667,2009-05-04
HINDPETRO.NS,Oil Gas & Consumable Fuels,,121265216.09625483,18.048251762390137,20.51944732666016,True,0.1431263076949072,0.25198828974729137,0.4436569267294992,True,True,True,True,0.8695652173913043,3,0.06666666666666667,2009-05-04
CIPLA.NS,Healthcare,,268172110.16005784,183.19850784301758,214.4050445556641,True,0.1347067043899557,0.2233230667489341,0.4352373234245477,True,True,True,True,0.842391304347826,4,0.06666666666666667,2009-05-04
LUPIN.NS,Healthcare,,63180864.73696581,118.08408462524415,129.42640686035156,True,0.4814926274595148,0.05506197739949603,0.7820232464941068,True,True,True,True,0.7934782608695652,5,0.06666666666666667,2009-05-04
TATACOMM.NS,Telecommunication,,82527991.13759206,218.29610633850098,260.8403015136719,True,0.17414815269668815,0.11396571855758708,0.47467877173128015,True,True,True,True,0.7880434782608696,6,0.06666666666666667,2009-05-04
MARUTI.NS,Automobile and Auto Components,,879366564.8130534,554.3128495788574,716.5326538085938,True,0.11143141135200896,0.19416108036563107,0.41196203038660095,True,True,True,True,0.7717391304347827,7,0.06666666666666667,2009-05-04
PFC.NS,Financial Services,,56905407.45334028,21.787605686187746,26.664539337158203,True,0.0038083243459041682,0.3846237500163423,0.30433894338049616,True,True,True,True,0.7608695652173914,8,0.06666666666666667,2009-05-04
UNIONBANK.NS,Financial Services,,108378460.51695327,98.21507019042969,111.9971694946289,True,0.11869230669575725,0.06957645635206178,0.41922292573034925,True,True,True,True,0.7119565217391304,9,0.06666666666666667,2009-05-04
INFY.NS,Information Technology,,1461597408.325644,113.81424331665039,124.04428100585938,True,0.06197665729123747,0.13871235486500977,0.36250727632582946,True,True,True,True,0.7010869565217391,10,0.06666666666666667,2009-05-04
BANKBARODA.NS,Financial Services,,216246089.04118237,37.2281734085083,45.67806243896485,True,0.1307017591073616,0.039084318241792815,0.4312323781419536,True,True,True,True,0.6956521739130435,11,0.06666666666666667,2009-05-04
NTPC.NS,Power,,634700385.0667235,82.02059438705444,91.18193817138672,True,0.04154747645593915,0.1525585105710996,0.34207809549053114,True,True,True,True,0.6956521739130435,12,0.06666666666666667,2009-05-04
RENUKA.NS,Fast Moving Consumer Goods,,338300874.0777358,40.612201795578,45.62478256225586,True,-0.05508548760150889,0.5685882937098634,0.2454451314330831,True,True,True,True,0.6793478260869565,13,0.06666666666666667,2009-05-04
IOC.NS,Oil Gas & Consumable Fuels,,50883542.18236618,14.73324652671814,16.130535125732422,True,0.0011433119918251577,0.18082406326792144,0.30167393102641715,True,True,True,True,0.6739130434782609,14,0.06666666666666667,2009-05-04
BPCL.NS,Oil Gas & Consumable Fuels,,102337821.4628313,12.999052515029907,14.592852592468262,True,0.0045450898940828655,0.09721457763694219,0.30507570892867486,True,True,True,True,0.6521739130434783,15,0.06666666666666667,2009-05-04
LICHSGFIN.NS,Financial Services,,226670089.51919636,40.73356157302857,80.49824523925781,True,0.5948638781387112,1.598522156720494,0.7140046697462364,True,True,True,True,0.9823232323232324,1,0.06666666666666667,2009-06-01
HEROMOTOCO.NS,Automobile and Auto Components,,405907433.42439675,513.9712452697754,761.2836303710938,True,0.7123385613763646,0.8572825945819738,0.8314793529838899,True,True,True,True,0.9166666666666666,2,0.06666666666666667,2009-06-01
MPHASIS.NS,Information Technology,,74681917.73762386,122.13312896728516,215.0438995361328,True,0.42970182143696967,1.072578468863565,0.5488426130444949,True,True,True,True,0.9065656565656566,3,0.06666666666666667,2009-06-01
MARUTI.NS,Automobile and Auto Components,,973615499.326537,583.4345959472656,904.1163330078124,True,0.34280001791241,0.874782999830342,0.4619408095199352,True,True,True,True,0.8560606060606061,4,0.06666666666666667,2009-06-01
PFC.NS,Financial Services,,79285794.53906034,22.971202325820922,33.56248474121094,True,0.3040177726475941,0.9226983061722254,0.42315856425511933,True,True,True,True,0.8484848484848485,5,0.06666666666666667,2009-06-01
CGPOWER.NS,Capital Goods,,187004720.98005792,28.78385947227478,44.55144500732422,True,0.17837647931531464,1.0524994007118353,0.29751727092283986,True,True,True,True,0.8257575757575757,6,0.06666666666666667,2009-06-01
HINDPETRO.NS,Oil Gas & Consumable Fuels,,166654200.28829104,18.72084328651428,27.032793045043945,True,0.5628342794384238,0.6149060035597971,0.681975071045949,True,True,True,True,0.8257575757575757,7,0.06666666666666667,2009-06-01
BANKBARODA.NS,Financial Services,,299569680.5426288,39.62747709274292,63.08950424194336,True,0.544509343241482,0.6212825814516685,0.6636501348490073,True,True,True,True,0.8232323232323232,8,0.06666666666666667,2009-06-01
IOC.NS,Oil Gas & Consumable Fuels,,84380991.9122942,15.200509839057922,22.187463760375977,True,0.4767947900567453,0.6242171079211054,0.5959355816642705,True,True,True,True,0.8106060606060606,9,0.06666666666666667,2009-06-01
ACC.NS,Construction Materials,,352931987.59800565,423.34778915405275,608.1644287109375,True,0.18549287377649937,0.8255613910824533,0.3046336653840246,True,True,True,True,0.797979797979798,10,0.06666666666666667,2009-06-01
SAIL.NS,Metals & Mining,,5779615295.1962595,74.15463401794433,123.59134674072266,True,0.05334525003950219,1.6740695627039832,0.1724860416470274,True,True,True,True,0.7954545454545455,11,0.06666666666666667,2009-06-01
IIFL.NS,Financial Services,,166166086.23919886,22.506597480773927,48.28385162353516,True,0.029521554291544794,2.6650737162162224,0.14866234589907001,True,True,True,True,0.7803030303030304,12,0.06666666666666667,2009-06-01
LUPIN.NS,Healthcare,,94232290.15405338,120.20234321594238,150.60870361328125,True,0.5019992586095334,0.4975370265317174,0.6211400502170586,True,True,True,True,0.7803030303030303,13,0.06666666666666667,2009-06-01
NLCINDIA.NS,Power,,88872972.1807766,41.192535905838014,68.39185333251953,True,0.04534442084984858,1.4227431874632308,0.1644852124573738,True,True,True,True,0.7752525252525253,14,0.06666666666666667,2009-06-01
BHEL.NS,Capital Goods,,2006343405.627453,162.9161238861084,235.9965209960937,True,0.26854561706465274,0.69658376739939,0.38768640867217796,True,True,True,True,0.7727272727272727,15,0.06666666666666667,2009-06-01
LICHSGFIN.NS,Financial Services,,463701851.59324867,44.93053602218628,96.32508850097656,True,1.1220784180185497,1.9781195692107012,1.1668566240324147,True,True,True,True,0.9957264957264957,1,0.06666666666666667,2009-07-01
BAJAJ-AUTO.NS,Automobile and Auto Components,,123894521.24889882,190.12639415740966,322.9818115234375,True,1.0672636717964106,1.4419963262074864,1.1120418778102756,True,True,True,True,0.9743589743589745,2,0.06666666666666667,2009-07-01
RECLTD.NS,Financial Services,,50015014.18165486,12.030450191497803,21.51588249206543,True,0.7266579745886825,1.3914171155049022,0.7714361806025475,True,True,True,True,0.9401709401709402,3,0.06666666666666667,2009-07-01
MPHASIS.NS,Information Technology,,74167528.36842473,132.14219146728516,247.1185913085937,True,0.6395734661689916,1.4601068734340612,0.6843516721828565,True,True,True,True,0.9252136752136753,4,0.06666666666666667,2009-07-01
TORNTPOWER.NS,Power,,67981968.50521278,65.22890405654907,119.65729522705078,True,0.667429058051676,1.2767408580347563,0.7122072640655409,True,True,True,True,0.9166666666666667,5,0.06666666666666667,2009-07-01
AUROPHARMA.NS,Healthcare,,63814046.66615772,20.02126678943634,41.77315902709961,True,0.4578634331601541,2.3298403799039176,0.502641639174019,True,True,True,True,0.8974358974358975,6,0.06666666666666667,2009-07-01
RENUKA.NS,Fast Moving Consumer Goods,,551956990.3436872,41.52144541740417,65.44044494628906,True,0.4872722663596898,1.1770545811267503,0.5320504723735547,True,True,True,True,0.8675213675213675,7,0.06666666666666667,2009-07-01
BANKBARODA.NS,Financial Services,,336232187.84921646,42.309023246765136,65.35906219482422,True,1.037175344421255,0.653639002883869,1.08195355043512,True,True,True,True,0.8653846153846154,8,0.06666666666666667,2009-07-01
HEROMOTOCO.NS,Automobile and Auto Components,,439842934.8046875,554.5608488464355,795.6995849609375,True,0.8222693776156678,0.7037669913672311,0.8670475836295327,True,True,True,True,0.8653846153846154,9,0.06666666666666667,2009-07-01
MARUTI.NS,Automobile and Auto Components,,831706920.0894176,625.8886895751953,940.9552612304688,True,0.4913710250747614,0.9937517964037976,0.5361492310886263,True,True,True,True,0.8653846153846153,10,0.06666666666666667,2009-07-01
PFC.NS,Financial Services,,109003305.4495184,24.201367835998536,33.63181686401367,True,0.6872374091302107,0.6080383505037306,0.7320156151440756,True,True,True,True,0.829059829059829,11,0.06666666666666667,2009-07-01
UNIONBANK.NS,Financial Services,,201458845.21749178,109.68344703674316,170.31488037109375,True,1.0414444971287558,0.4820523939944892,1.0862227031426208,True,True,True,True,0.8183760683760684,12,0.06666666666666667,2009-07-01
COLPAL.NS,Fast Moving Consumer Goods,,54567443.18419088,149.135671043396,211.26092529296875,True,0.7329194078093042,0.5310966920596205,0.7776976138231692,True,True,True,True,0.8162393162393163,13,0.06666666666666667,2009-07-01
CENTRALBK.NS,Financial Services,,52243143.792517215,33.737635126113894,67.4040298461914,True,0.31866791984270515,1.3333331572615736,0.3634461258565701,True,True,True,True,0.811965811965812,14,0.06666666666666667,2009-07-01
BALRAMCHIN.NS,Fast Moving Consumer Goods,,434868761.12325674,50.96282165527344,84.92792510986328,True,0.3033331159486552,1.381902869344339,0.34811132196252015,True,True,True,True,0.7905982905982906,15,0.06666666666666667,2009-07-01
LICHSGFIN.NS,Financial Services,,588423437.77512,50.31072008132934,95.92781066894533,True,1.7698124380019737,2.048540136008322,1.601852898066886,True,True,True,True,0.9662698412698413,1,0.06666666666666667,2009-08-03
TVSMOTOR.NS,Automobile and Auto Components,,66114787.24902414,12.612445046901703,24.39594268798828,True,1.4358994502300355,2.9787665357131274,1.2679399102949478,True,True,True,True,0.9603174603174602,2,0.06666666666666667,2009-08-03
RECLTD.NS,Financial Services,,72393481.05028719,13.397587218284606,26.68260383605957,True,1.9551257954933257,1.7719219578617151,1.787166255558238,True,True,True,True,0.9543650793650793,3,0.06666666666666667,2009-08-03
MPHASIS.NS,Information Technology,,130434279.52961604,144.9262515258789,304.4700622558594,True,1.502990323150586,2.180000583288963,1.3350307832154982,True,True,True,True,0.9503968253968255,4,0.06666666666666667,2009-08-03
AUROPHARMA.NS,Healthcare,,93766046.16683705,22.059357523918152,52.94644546508789,True,1.2071294279248543,3.444503400240868,1.0391698879897666,True,True,True,True,0.9464285714285714,5,0.06666666666666667,2009-08-03
TORNTPOWER.NS,Power,,98309446.12474175,72.80933668136596,157.57737731933594,True,1.3966722268799079,2.197850405994511,1.2287126869448202,True,True,True,True,0.9404761904761905,6,0.06666666666666667,2009-08-03
BAJAJ-AUTO.NS,Automobile and Auto Components,,156541057.14212137,209.51294658660888,402.170166015625,True,1.745004150319684,1.7297059566478357,1.5770446103845963,True,True,True,True,0.9384920634920635,7,0.06666666666666667,2009-08-03
MARUTI.NS,Automobile and Auto Components,,761846790.7046336,677.0763250732422,1245.0855712890625,True,1.5993503625262022,1.7454384357817232,1.4313908225911145,True,True,True,True,0.9345238095238095,8,0.06666666666666667,2009-08-03
CENTRALBK.NS,Financial Services,,56001662.92923501,37.07077492713928,73.9421157836914,True,0.9414584163830457,1.7914161371897306,0.773498876447958,True,True,True,True,0.8809523809523809,9,0.06666666666666667,2009-08-03
VEDL.NS,Metals & Mining,,553510520.2837096,34.74087252616882,71.750732421875,True,0.7681461299608778,2.557749036676697,0.6001865900257901,True,True,True,True,0.85515873015873,10,0.06666666666666667,2009-08-03
BEML.NS,Capital Goods,,173123186.67401072,191.9160599899292,376.8005676269531,True,0.7821915816100997,2.067021823807224,0.614232041675012,True,True,True,True,0.8492063492063493,11,0.06666666666666667,2009-08-03
M&M.NS,Automobile and Auto Components,,756910076.8968384,95.25892324447632,180.2135009765625,True,0.7651969386341326,2.290610829006453,0.5972373986990449,True,True,True,True,0.8472222222222221,12,0.06666666666666667,2009-08-03
HEROMOTOCO.NS,Automobile and Auto Components,,483511060.53296715,600.4699378967285,913.9501342773438,True,1.5724786532408093,0.896173389501207,1.4045191133057215,True,True,True,True,0.8373015873015873,13,0.06666666666666667,2009-08-03
INDUSINDBK.NS,Financial Services,,238790191.1499738,43.74236903190613,78.84803771972656,True,0.7874698600968872,1.6809583387701665,0.6195103201617995,True,True,True,True,0.8293650793650794,14,0.06666666666666667,2009-08-03
JINDALSTEL.NS,Metals & Mining,,1916599335.339209,229.95200283050536,474.384765625,True,0.6546372268893876,2.7653280347033458,0.4866776869542999,True,True,True,True,0.8214285714285714,15,0.06666666666666667,2009-08-03
AUROPHARMA.NS,Healthcare,,101392104.65450859,26.517906851768494,63.27201461791992,True,1.3158900411603538,3.733558352487644,1.2655221903846199,True,True,True,True,0.987603305785124,1,0.06666666666666667,2009-09-01
MPHASIS.NS,Information Technology,,274065831.4587484,168.84101600646972,355.40643310546875,True,1.4893334051536185,2.4832648053495197,1.4389655543778845,True,True,True,True,0.9834710743801653,2,0.06666666666666667,2009-09-01
RECLTD.NS,Financial Services,,82500656.45098566,15.170172777175903,29.2363338470459,True,1.5744399117436174,1.8456117418857674,1.5240720609678835,True,True,True,True,0.9524793388429752,3,0.06666666666666667,2009-09-01
LICHSGFIN.NS,Financial Services,,602534372.3914127,56.816717863082886,100.75733184814452,True,1.0268809340697542,2.2199779356623215,0.9765130832940203,True,True,True,True,0.9483471074380165,4,0.06666666666666667,2009-09-01
TORNTPOWER.NS,Power,,102872250.24505259,84.89767612457275,162.65245056152344,True,0.9859078965410342,2.1692627398064044,0.9355400457653003,True,True,True,True,0.9318181818181818,5,0.06666666666666667,2009-09-01
INDUSINDBK.NS,Financial Services,,214196511.28746954,48.411653966903685,92.9734344482422,True,0.7432676481828373,2.3716517434869933,0.6928997974071034,True,True,True,True,0.9276859504132232,6,0.06666666666666667,2009-09-01
BAJAJ-AUTO.NS,Automobile and Auto Components,,147500765.45073852,231.81710681915283,400.17864990234375,True,1.1963279283477135,1.4370861542555997,1.1459600775719796,True,True,True,True,0.8842975206611571,7,0.06666666666666667,2009-09-01
JINDALSTEL.NS,Metals & Mining,,2287447328.7643065,266.8449375915527,505.6375732421875,True,0.6338525444196361,2.062875742820385,0.5834846936439022,True,True,True,True,0.8822314049586778,8,0.06666666666666667,2009-09-01
MARUTI.NS,Automobile and Auto Components,,896543980.5325104,744.6102772521973,1269.077880859375,True,1.2163039032715273,1.1715706691453698,1.1659360524957934,True,True,True,True,0.8698347107438016,9,0.06666666666666667,2009-09-01
PRSMJOHNSN.NS,Construction Materials,,123148548.59505934,26.331882524490357,52.99418640136719,True,0.5892932893722271,1.975813244108184,0.5389254385964932,True,True,True,True,0.865702479338843,10,0.06666666666666667,2009-09-01
BEML.NS,Capital Goods,,159329256.76832834,213.58496448516846,392.7384338378906,True,0.5334212291674365,2.0965445297280114,0.4830533783917026,True,True,True,True,0.8491735537190083,11,0.06666666666666667,2009-09-01
BANKBARODA.NS,Financial Services,,192358634.82615948,46.63434171676636,63.48096466064453,True,0.731461999645824,1.0356052080479117,0.6810941488700901,True,True,True,True,0.8119834710743803,12,0.06666666666666667,2009-09-01
RENUKA.NS,Fast Moving Consumer Goods,,746667645.4381652,49.135906314849855,92.31817626953124,True,0.554773007687887,1.573833901387184,0.504405156912153,True,True,True,True,0.8119834710743801,13,0.06666666666666667,2009-09-01
TVSMOTOR.NS,Automobile and Auto Components,,54114874.50319945,13.491925733089447,20.00922393798828,True,0.5347856447613457,1.5849015215248277,0.4844177939856118,True,True,True,True,0.8099173553719009,14,0.06666666666666667,2009-09-01
M&M.NS,Automobile and Auto Components,,912603746.2081391,104.05499923706054,181.1785125732422,True,0.49559830847474395,1.760161778094543,0.44523045769901004,True,True,True,True,0.8037190082644629,15,0.06666666666666667,2009-09-01
TORNTPOWER.NS,Power,,113742362.92786407,98.68452611923217,227.69918823242188,True,2.270204464288356,3.3588023855196862,2.0705162273711695,True,True,True,True,0.9961832061068703,1,0.06666666666666667,2009-10-01
CENTRALBK.NS,Financial Services,,68036740.02045898,47.822707633972165,117.1540985107422,True,2.030387207804209,3.6754544700961542,1.8306989708870227,True,True,True,True,0.9942748091603054,2,0.06666666666666667,2009-10-01
AUROPHARMA.NS,Healthcare,,95636932.03951328,31.813179326057433,70.04505920410156,True,1.6783002218340513,3.4783513170447247,1.4786119849168649,True,True,True,True,0.9809160305343511,3,0.06666666666666667,2009-10-01
MPHASIS.NS,Information Technology,,379519308.22279686,197.86408912658692,425.6836242675781,True,1.7873048631460549,2.3311697178047757,1.5876166262288685,True,True,True,True,0.9656488549618321,4,0.06666666666666667,2009-10-01
LICHSGFIN.NS,Financial Services,,600761291.9837004,64.85833626747132,120.29338073730467,True,1.6101826314049927,2.430265214681282,1.4104943944878063,True,True,True,True,0.9618320610687022,5,0.06666666666666667,2009-10-01
INDUSINDBK.NS,Financial Services,,153770150.55230013,54.73765290260315,105.00957489013672,True,1.1620402117552384,2.414575725697025,0.962351974838052,True,True,True,True,0.9255725190839694,6,0.06666666666666667,2009-10-01
TVSMOTOR.NS,Automobile and Auto Components,,67357752.23958868,14.72262832403183,26.19614791870117,True,1.1907696518770359,1.9768094406011212,0.9910814149598495,True,True,True,True,0.9103053435114504,7,0.06666666666666667,2009-10-01
JINDALSTEL.NS,Metals & Mining,,2608336484.986241,311.74804668426515,569.4837646484375,True,1.3475331699862965,1.853247570568049,1.14784493306911,True,True,True,True,0.9064885496183206,8,0.06666666666666667,2009-10-01
NATCOPHARM.NS,Healthcare,,64401838.533981,12.386942367553711,23.552064895629883,True,0.945711959723281,1.9883591222552024,0.7460237228060946,True,True,True,True,0.8912213740458015,9,0.06666666666666667,2009-10-01
BAJAJ-AUTO.NS,Automobile and Auto Components,,185291247.57000935,264.43166339874267,492.03515625,True,1.4836424046569774,1.4472470381806324,1.283954167739791,True,True,True,True,0.8893129770992367,10,0.06666666666666667,2009-10-01
MRF.NS,Automobile and Auto Components,,57019004.349365234,2762.39491394043,5545.26513671875,True,0.7582952032988135,2.4125657038244004,0.5586069663816271,True,True,True,True,0.866412213740458,11,0.06666666666666667,2009-10-01
VEDL.NS,Metals & Mining,,591368449.084833,44.383495235443114,79.10443878173828,True,1.0733455307260615,1.4887832997383006,0.8736572938088751,True,True,True,True,0.8587786259541985,12,0.06666666666666667,2009-10-01
RAJESHEXPO.NS,Consumer Durables,,127204598.54720363,34.350251121521,69.79676055908203,True,0.7798708696860106,1.9880257211096821,0.5801826327688242,True,True,True,True,0.8549618320610687,13,0.06666666666666667,2009-10-01
PRSMJOHNSN.NS,Construction Materials,,138315206.26443666,30.11827971458435,49.995391845703125,True,0.8991893010048784,1.6040789247408611,0.699501064087692,True,True,True,True,0.8492366412213741,14,0.06666666666666667,2009-10-01
MARUTI.NS,Automobile and Auto Components,,1123360401.581544,835.1480795288086,1501.7972412109375,True,1.3672555563113278,1.2200144684034644,1.1675673193941414,True,True,True,True,0.8454198473282444,15,0.06666666666666667,2009-10-01
AUROPHARMA.NS,Healthcare,,116263321.11989911,37.87149226665497,67.35377502441406,True,3.0133545210277104,2.4448279209107833,2.4767352802046947,True,True,True,True,0.98828125,1,0.06666666666666667,2009-11-03
MPHASIS.NS,Information Technology,,419366583.60365653,229.5585884475708,431.2366638183594,True,3.007836556600579,2.0093536223377817,2.4712173157775634,True,True,True,True,0.974609375,2,0.06666666666666667,2009-11-03
OFSS.NS,Information Technology,,105900723.96868388,626.1070059204102,1125.2484130859375,True,3.3222522703108863,1.4074515277942004,2.7856330294878706,True,True,True,True,0.962890625,3,0.06666666666666667,2009-11-03
TORNTPOWER.NS,Power,,109013788.85146637,114.79018424987792,203.4317321777344,True,2.9529756054170657,1.9128237329084299,2.4163563645940505,True,True,True,True,0.962890625,4,0.06666666666666667,2009-11-03
CENTRALBK.NS,Financial Services,,89377695.78725725,55.108852005004884,97.33644104003906,True,2.2141754353346284,2.180340843697273,1.6775561945116129,True,True,True,True,0.9609375,5,0.06666666666666667,2009-11-03
JINDALSTEL.NS,Metals & Mining,,2776140806.544814,360.81602741241454,622.357421875,True,3.9585711197762867,1.3507858370090644,3.421951878953271,True,True,True,True,0.958984375,6,0.06666666666666667,2009-11-03
VEDL.NS,Metals & Mining,,746041497.0126861,51.039114494323734,90.0456771850586,True,2.7587597220659723,1.730435142701349,2.222140481242957,True,True,True,True,0.951171875,7,0.06666666666666667,2009-11-03
RAJESHEXPO.NS,Consumer Durables,,176387448.81603882,38.94989617347717,72.93474578857422,True,2.1097986586787476,1.8674767640179275,1.5731794178557321,True,True,True,True,0.9375,8,0.06666666666666667,2009-11-03
YESBANK.NS,Financial Services,,453298563.00719994,22.045461037158965,43.05225372314453,True,1.993090709221692,2.086140064844848,1.4564714683986766,True,True,True,True,0.923828125,9,0.06666666666666667,2009-11-03
INDUSINDBK.NS,Financial Services,,138837437.04892007,62.63895325660705,106.32675170898438,True,1.65686566733102,1.914402803974507,1.1202464265080045,True,True,True,True,0.89453125,10,0.06666666666666667,2009-11-03
LICHSGFIN.NS,Financial Services,,685255608.1930981,73.82721930503845,115.9624252319336,True,2.164249914385077,1.0816175490261668,1.6276306735620614,True,True,True,True,0.892578125,11,0.06666666666666667,2009-11-03
NCC.NS,Construction,,239320777.87898356,53.92843298912048,76.85710144042969,True,2.022315187481732,1.1640732503126459,1.4856959466587163,True,True,True,True,0.880859375,12,0.06666666666666667,2009-11-03
TECHM.NS,Information Technology,,550696409.6528625,100.24111249923706,161.94381713867188,True,1.4585454965795588,1.8494974854808706,0.9219262557565433,True,True,True,True,0.87109375,13,0.06666666666666667,2009-11-03
JSWSTEEL.NS,Metals & Mining,,1228961071.9942381,42.017292985916136,63.137428283691406,True,1.7219950982669605,1.209385527882965,1.185375857443945,True,True,True,True,0.865234375,14,0.06666666666666667,2009-11-03
RECLTD.NS,Financial Services,,82214071.90284841,18.939101734161376,26.644588470458984,True,2.075525461014385,0.9462616514812907,1.5389062201913697,True,True,True,True,0.865234375,15,0.06666666666666667,2009-11-03
AUROPHARMA.NS,Healthcare,,133657464.7425626,43.79549179553985,76.97509002685547,True,5.959184723946265,1.2117538455535253,5.158693812322022,True,True,True,True,0.9944029850746269,1,0.06666666666666667,2009-12-01
VEDL.NS,Metals & Mining,,796335643.3860525,59.00305206298828,109.6356964111328,True,3.6979241109520817,1.2481306084289345,2.897433199327838,True,True,True,True,0.9850746268656716,2,0.06666666666666667,2009-12-01
JINDALSTEL.NS,Metals & Mining,,2903561042.92348,413.0174816894531,667.7124633789062,True,4.428146855131153,0.9786873051968166,3.62765594350691,True,True,True,True,0.9757462686567164,3,0.06666666666666667,2009-12-01
TORNTPOWER.NS,Power,,114742000.02353032,132.54908252716064,229.66493225097656,True,3.34363820351925,1.27343383596734,2.543147291895006,True,True,True,True,0.9757462686567164,4,0.06666666666666667,2009-12-01
OFSS.NS,Information Technology,,126631865.20905559,714.0913061523438,1133.373291015625,True,3.214644885888096,0.8485347705481787,2.4141539742638525,True,True,True,True,0.9421641791044777,5,0.06666666666666667,2009-12-01
CENTRALBK.NS,Financial Services,,122896381.80279008,63.262413625717166,111.16571807861328,True,3.157331757029402,1.0404244743450883,2.3568408454051584,True,True,True,True,0.9402985074626866,6,0.06666666666666667,2009-12-01
MPHASIS.NS,Information Technology,,409622300.0585988,265.627896232605,432.1304321289063,True,3.1648436961151356,1.009498679390798,2.364352784490892,True,True,True,True,0.9402985074626866,7,0.06666666666666667,2009-12-01
RENUKA.NS,Fast Moving Consumer Goods,,765778480.5002358,69.34832832336426,105.54987335205078,True,3.2123869689313382,0.7980141651144546,2.4118960573070947,True,True,True,True,0.9328358208955223,8,0.06666666666666667,2009-12-01
LICHSGFIN.NS,Financial Services,,880774603.9376539,83.56356658935547,134.01852416992188,True,3.326182557538367,0.6648626783303222,2.525691645914123,True,True,True,True,0.9235074626865671,9,0.06666666666666667,2009-12-01
BAJAJ-AUTO.NS,Automobile and Auto Components,,209671383.73726806,336.1738311767578,516.9537353515625,True,3.460198036590679,0.5522824578338603,2.6597071249664355,True,True,True,True,0.916044776119403,10,0.06666666666666667,2009-12-01
JSWSTEEL.NS,Metals & Mining,,1726582092.7057335,47.70777543067932,82.99795532226562,True,2.9078643885446107,0.798331370169727,2.107373476920367,True,True,True,True,0.9123134328358209,11,0.06666666666666667,2009-12-01
YESBANK.NS,Financial Services,,553877157.9419073,25.401548583507537,45.63628387451172,True,2.5445610118904325,1.0099481975318345,1.744070100266189,True,True,True,True,0.9085820895522387,12,0.06666666666666667,2009-12-01
RECLTD.NS,Financial Services,,76347145.33022743,20.942225770950316,32.62480926513672,True,3.10649550662887,0.6917493965560295,2.3060045950046266,True,True,True,True,0.8992537313432836,13,0.06666666666666667,2009-12-01
HINDZINC.NS,Metals & Mining,,65273542.50756995,22.06978485584259,41.01827239990234,True,2.2836132561220985,1.0727211779127952,1.483122344497855,True,True,True,True,0.8861940298507464,14,0.06666666666666667,2009-12-01
ASHOKLEY.NS,Capital Goods,,143668621.1943911,5.634280874729156,9.312603950500488,True,2.6135105703802513,0.6647760793264159,1.8130196587560077,True,True,True,True,0.8768656716417911,15,0.06666666666666667,2009-12-01
VEDL.NS,Metals & Mining,,750340472.921025,68.26740706443786,122.30371856689452,True,4.061692982102303,1.2193990732032631,3.1649200901263335,True,True,True,True,0.9885496183206107,1,0.06666666666666667,2010-01-04
AUROPHARMA.NS,Healthcare,,153950304.11780295,50.77959781646729,81.94283294677734,True,5.428361155331004,0.8578781093509706,4.531588263355034,True,True,True,True,0.9751908396946565,2,0.06666666666666667,2010-01-04
MPHASIS.NS,Information Technology,,387099378.6914942,302.49828777313235,462.2581481933594,True,3.7848518138837948,0.8427476356275108,2.888078921907825,True,True,True,True,0.9541984732824427,3,0.06666666666666667,2010-01-04
BSOFT.NS,Information Technology,,65483679.5722523,16.182543737888338,31.15455436706543,True,3.378509330156623,1.556636432207564,2.4817364381806533,True,True,True,True,0.9484732824427481,4,0.06666666666666667,2010-01-04
TORNTPOWER.NS,Power,,77845585.73476309,150.66618474960327,230.6655731201172,True,3.4275442422392794,0.9077741464019786,2.5307713502633096,True,True,True,True,0.9389312977099238,5,0.06666666666666667,2010-01-04
OFSS.NS,Information Technology,,149811144.01839498,797.7122758483887,1226.9541015625,True,3.6650228111924346,0.7960327278243866,2.7682499192164647,True,True,True,True,0.9389312977099236,6,0.06666666666666667,2010-01-04
BAJAJ-AUTO.NS,Automobile and Auto Components,,247500305.23215637,378.2870671081543,577.6373291015625,True,3.5260661608882344,0.7176432667057602,2.6292932689122646,True,True,True,True,0.9255725190839694,7,0.06666666666666667,2010-01-04
JINDALSAW.NS,Capital Goods,,525496672.6267362,41.23068708896637,73.55306243896484,True,2.9043176118767104,1.3173435397516213,2.007544719900741,True,True,True,True,0.9236641221374046,8,0.06666666666666667,2010-01-04
HAVELLS.NS,Consumer Durables,,226668224.1294737,24.58621991634369,44.59083557128906,True,3.0812815799978015,0.8505007489962264,2.1845086880218316,True,True,True,True,0.9103053435114504,9,0.06666666666666667,2010-01-04
JINDALSTEL.NS,Metals & Mining,,2595158606.4283724,468.660065536499,682.3133544921875,True,3.4677290241154584,0.6324330023302902,2.5709561321394885,True,True,True,True,0.9083969465648856,10,0.06666666666666667,2010-01-04
CENTRALBK.NS,Financial Services,,83651048.14503936,72.15062089920043,120.8644790649414,True,3.407926502416479,0.7604129393990173,2.511153610440509,True,True,True,True,0.9064885496183206,11,0.06666666666666667,2010-01-04
JSWSTEEL.NS,Metals & Mining,,1928817555.9636128,54.68802269935608,84.67352294921875,True,3.478503776835222,0.5962187790639182,2.581730884859252,True,True,True,True,0.9045801526717557,12,0.06666666666666667,2010-01-04
HINDZINC.NS,Metals & Mining,,85963045.62140465,25.12309859275818,41.2569694519043,True,2.6664286569667754,0.9939171817492223,1.7696557649908058,True,True,True,True,0.8969465648854962,13,0.06666666666666667,2010-01-04
PATANJALI.NS,Fast Moving Consumer Goods,,81685770.0938151,1915.7931964111328,2925.6591796875,True,2.4457772084417013,1.2366600404590309,1.5490043164657317,True,True,True,True,0.8702290076335878,14,0.06666666666666667,2010-01-04
RAJESHEXPO.NS,Consumer Durables,,149345277.94959208,50.13578042984009,84.7735595703125,True,2.4480772051975435,1.032180742983118,1.5513043132215738,True,True,True,True,0.8702290076335877,15,0.06666666666666667,2010-01-04
BSOFT.NS,Information Technology,,69685145.22276503,18.55689335346222,27.15350151062012,True,4.114045096441185,1.0960453312479261,3.2254893738587143,True,True,True,True,0.9830827067669172,1,0.06666666666666667,2010-02-01
STLTECH.NS,Telecommunication,,73932736.95180161,41.747644395828246,69.74990844726562,True,7.677182539541301,0.7306698459705996,6.78862681695883,True,True,True,True,0.981203007518797,2,0.06666666666666667,2010-02-01
ENGINERSIN.NS,Construction,,102739672.868853,56.52734595298767,107.96126556396484,True,4.111382540813186,1.1167572551636789,3.2228268182307156,True,True,True,True,0.9793233082706767,3,0.06666666666666667,2010-02-01
AUROPHARMA.NS,Healthcare,,151952614.77715936,56.889479818344114,75.7466812133789,True,5.0506597999307985,0.5450259852386166,4.162104077348328,True,True,True,True,0.9492481203007519,4,0.06666666666666667,2010-02-01
OFSS.NS,Information Technology,,153897164.75607097,878.7281520080567,1143.932861328125,True,3.762450369691444,0.6176040291400438,2.8738946471089735,True,True,True,True,0.9492481203007519,5,0.06666666666666667,2010-02-01
HAVELLS.NS,Consumer Durables,,402112417.292978,27.980508909225463,47.94392776489258,True,3.5527597060788425,0.8320083517641308,2.664203983496372,True,True,True,True,0.93796992481203,6,0.06666666666666667,2010-02-01
RAJESHEXPO.NS,Consumer Durables,,128709369.8444158,56.404016733169556,91.47748565673828,True,3.3758741726102057,1.3554213607166763,2.487318450027735,True,True,True,True,0.9360902255639098,7,0.06666666666666667,2010-02-01
MPHASIS.NS,Information Technology,,380088720.00749105,333.41794960021974,433.1517028808594,True,3.58672684702732,0.6006605628824875,2.6981711244448494,True,True,True,True,0.9342105263157895,8,0.06666666666666667,2010-02-01
JSWSTEEL.NS,Metals & Mining,,2014722562.9853745,61.76929260253906,82.3586196899414,True,3.6604553361530154,0.560323000424521,2.771899613570545,True,True,True,True,0.9323308270676691,9,0.06666666666666667,2010-02-01
JINDALSAW.NS,Capital Goods,,481059166.2726607,47.22424562931061,69.29759979248047,True,2.978994025359531,1.0451662577486243,2.090438302777061,True,True,True,True,0.9135338345864662,10,0.06666666666666667,2010-02-01
VEDL.NS,Metals & Mining,,576164266.3330275,76.91099990844727,103.23468017578124,True,3.494621870065231,0.4988485457115719,2.6060661474827604,True,True,True,True,0.8890977443609023,11,0.06666666666666667,2010-02-01
INDUSINDBK.NS,Financial Services,,121071618.67184283,90.82922773361206,134.35049438476562,True,2.9438393984440396,0.62349069914437,2.0552836758615696,True,True,True,True,0.8834586466165414,12,0.06666666666666667,2010-02-01
TVSMOTOR.NS,Automobile and Auto Components,,63905444.57828903,21.654761714935304,30.76909065246582,True,3.5771807386525536,0.4175405325346815,2.688625016070083,True,True,True,True,0.8778195488721804,13,0.06666666666666667,2010-02-01
TORNTPOWER.NS,Power,,77337453.87994334,166.57727523803712,207.4703369140625,True,3.009466649140749,0.4782272895885944,2.1209109265582784,True,True,True,True,0.8609022556390977,14,0.06666666666666667,2010-02-01
THERMAX.NS,Capital Goods,,66902364.92658234,418.04549545288086,578.0317993164062,True,2.7297845044448974,0.5548767743713938,1.841228781862427,True,True,True,True,0.8571428571428571,15,0.06666666666666667,2010-02-01
VIPIND.NS,Consumer Durables,,76276882.04829377,20.393962994292753,38.96731185913086,True,5.0372181111572925,1.5020556748302751,4.1980514310737975,True,True,True,True,0.9878048780487806,1,0.06666666666666667,2010-03-02
STLTECH.NS,Telecommunication,,77439143.18914704,47.12622179577698,70.51591491699219,True,5.4800686170624395,0.7026061160481882,4.640901936978945,True,True,True,True,0.9817073170731707,2,0.06666666666666667,2010-03-02
JINDALSAW.NS,Capital Goods,,397563934.12254876,52.96954362955525,75.77838134765625,True,4.476484467059067,0.7157250317344623,3.637317786975572,True,True,True,True,0.9654471544715447,3,0.06666666666666667,2010-03-02
HAVELLS.NS,Consumer Durables,,483448944.874276,31.116982081427647,45.0566291809082,True,3.4851971869842115,0.82305338917538,2.6460305069007166,True,True,True,True,0.9451219512195121,4,0.06666666666666667,2010-03-02
JSWSTEEL.NS,Metals & Mining,,1606899734.8572178,67.26034143342444,89.44956970214844,True,3.989856503152513,0.5263457357108186,3.150689823069018,True,True,True,True,0.943089430894309,5,0.06666666666666667,2010-03-02
KRBL.NS,Fast Moving Consumer Goods,,75707236.22092968,12.087422584169474,21.23288345336914,True,3.3559264052955973,1.240190916821124,2.5167597252121023,True,True,True,True,0.9410569105691057,6,0.06666666666666667,2010-03-02
VEDL.NS,Metals & Mining,,463649189.8225209,84.36478799791192,119.19253540039062,True,3.4472349646494758,0.8521860408650266,2.608068284565981,True,True,True,True,0.9410569105691057,7,0.06666666666666667,2010-03-02
INDUSINDBK.NS,Financial Services,,118954163.60428166,100.54641965166408,135.25888061523438,True,3.5368673773217303,0.5599789312038339,2.6977006972382354,True,True,True,True,0.9390243902439025,8,0.06666666666666667,2010-03-02
RAJESHEXPO.NS,Consumer Durables,,113301485.00965998,63.22372107769377,96.42221069335938,True,3.086592449509739,1.343229346183818,2.2474257694262443,True,True,True,True,0.9308943089430894,9,0.06666666666666667,2010-03-02
BAJAJ-AUTO.NS,Automobile and Auto Components,,294249794.2805238,450.5880383822187,598.3258056640625,True,2.9968955976524945,0.6117488515041734,2.157728917569,True,True,True,True,0.8922764227642277,10,0.06666666666666667,2010-03-02
PATANJALI.NS,Fast Moving Consumer Goods,,136074668.53720453,2316.931865442937,3275.415283203125,True,3.5062072403080835,0.3665883281441531,2.6670405602245886,True,True,True,True,0.8739837398373984,11,0.06666666666666667,2010-03-02
AUROPHARMA.NS,Healthcare,,159200805.75712043,62.92576857907089,82.2922134399414,True,5.462278864111016,0.317137506493367,4.623112184027521,True,True,True,True,0.8719512195121951,12,0.06666666666666667,2010-03-02
HINDALCO.NS,Metals & Mining,,1698727259.458997,105.15692108000943,142.90185546875,True,2.7132615393185775,0.5809464307855587,1.8740948592350828,True,True,True,True,0.8658536585365854,13,0.06666666666666667,2010-03-02
TVSMOTOR.NS,Automobile and Auto Components,,65803832.287359335,23.20651723871279,29.390443801879883,True,2.847443883744154,0.4449370283975165,2.0082772036606595,True,True,True,True,0.8495934959349594,14,0.06666666666666667,2010-03-02
USHAMART.NS,Capital Goods,,66850027.91264693,60.324199580667006,80.23348236083984,True,2.6921406567156203,0.5644722635976338,1.8529739766321256,True,True,True,True,0.8495934959349594,15,0.06666666666666667,2010-03-02
VIPIND.NS,Consumer Durables,,100989616.9557434,24.114724568985217,42.90485382080078,True,6.531619610436355,0.6852505347858198,5.481644778169024,True,True,True,True,0.9914529914529915,1,0.06666666666666667,2010-04-01
STLTECH.NS,Telecommunication,,88430894.96242529,52.60741472483879,76.81803131103516,True,6.387810035261745,0.5233900994629013,5.337835202994414,True,True,True,True,0.9700854700854701,2,0.06666666666666667,2010-04-01
JSWSTEEL.NS,Metals & Mining,,1600587776.864836,73.43838159762436,103.19271087646484,True,5.606757801996191,0.5376373814699897,4.556782969728861,True,True,True,True,0.9594017094017094,3,0.06666666666666667,2010-04-01
INDUSINDBK.NS,Financial Services,,120888646.63349992,110.69341084465908,154.5166778564453,True,4.695965130342865,0.544959089819621,3.645990298075534,True,True,True,True,0.9508547008547009,4,0.06666666666666667,2010-04-01
ENGINERSIN.NS,Construction,,162581075.2783255,71.76402520414572,115.93359375,True,4.123148132149334,1.0269752962332417,3.073173299882003,True,True,True,True,0.9487179487179487,5,0.06666666666666667,2010-04-01
VEDL.NS,Metals & Mining,,532699173.276624,93.38504797010566,140.06277465820312,True,4.4508003965852465,0.6807790964320528,3.4008255643179157,True,True,True,True,0.9444444444444444,6,0.06666666666666667,2010-04-01
JINDALSAW.NS,Capital Goods,,398754450.3886869,58.76191688422582,82.9228744506836,True,5.871914271045931,0.449532570371173,4.8219394387786,True,True,True,True,0.9358974358974359,7,0.06666666666666667,2010-04-01
HAVELLS.NS,Consumer Durables,,407647698.6985281,33.81290581477946,51.86981964111328,True,3.7123278746076593,0.8915043778389808,2.6623530423403285,True,True,True,True,0.9337606837606837,8,0.06666666666666667,2010-04-01
RAJESHEXPO.NS,Consumer Durables,,103794929.7934088,69.71629818480218,113.39595794677734,True,3.884124316657969,0.4990573298566876,2.8341494843906383,True,True,True,True,0.9102564102564104,9,0.06666666666666667,2010-04-01
TATAELXSI.NS,Information Technology,,122597324.76657027,76.67889709089269,119.87371826171876,True,3.286935492650356,0.802028050097751,2.236960660383025,True,True,True,True,0.9038461538461539,10,0.06666666666666667,2010-04-01
AUROPHARMA.NS,Healthcare,,162537748.20033962,68.5962737385352,86.49815368652344,True,4.65350186565792,0.4017660605033271,3.603527033390589,True,True,True,True,0.9038461538461537,11,0.06666666666666667,2010-04-01
YESBANK.NS,Financial Services,,394792682.7767695,38.37315547885607,46.29585647583008,True,4.731544928448259,0.3001781076027039,3.6815700961809283,True,True,True,True,0.8739316239316239,12,0.06666666666666667,2010-04-01
USHAMART.NS,Capital Goods,,72567959.29414846,64.53945873011297,93.96797943115234,True,3.6950895874842544,0.38797798135196726,2.6451147552169236,True,True,True,True,0.8653846153846153,13,0.06666666666666667,2010-04-01
TVSMOTOR.NS,Automobile and Auto Components,,76998068.27919543,24.70200513715121,34.40373229980469,True,3.201233855059879,0.40190035501667176,2.1512590227925483,True,True,True,True,0.8354700854700855,14,0.06666666666666667,2010-04-01
APOLLOTYRE.NS,Automobile and Auto Components,,236270649.69706443,39.64503187630045,58.49341583251953,True,2.9389737325080016,0.5069078946075338,1.8889989002406709,True,True,True,True,0.8354700854700854,15,0.06666666666666667,2010-04-01
VIPIND.NS,Consumer Durables,,115965234.84731738,27.967768997403244,45.72832489013672,True,5.6072761355991805,0.9946264881819014,4.941143468083913,True,True,True,True,0.9978070175438596,1,0.06666666666666667,2010-05-03
STLTECH.NS,Telecommunication,,96268164.96503474,57.93043450973741,89.39615631103516,True,5.0519444230672885,0.6330097184800241,4.385811755552021,True,True,True,True,0.9824561403508771,2,0.06666666666666667,2010-05-03
ENGINERSIN.NS,Construction,,95640846.7389609,79.44331359863281,130.3861083984375,True,3.4733197323044243,1.1536415008124372,2.8071870647891575,True,True,True,True,0.9736842105263157,3,0.06666666666666667,2010-05-03
RAJESHEXPO.NS,Consumer Durables,,91357885.8843054,77.27509451631326,118.81612396240234,True,3.440650565882253,0.6091434174647736,2.774517898366986,True,True,True,True,0.9539473684210527,4,0.06666666666666667,2010-05-03
HAVELLS.NS,Consumer Durables,,312925545.22834,36.887116235704276,53.2593994140625,True,3.1575376675113533,0.8390403439077647,2.4914049999960866,True,True,True,True,0.9429824561403508,5,0.06666666666666667,2010-05-03
INDUSINDBK.NS,Financial Services,,132537049.99981819,120.07055042976111,176.1363067626953,True,3.602007306308715,0.39046229896856666,2.935874638793448,True,True,True,True,0.9320175438596492,6,0.06666666666666667,2010-05-03
ESCORTS.NS,Capital Goods,,138797051.97399384,100.98706631684423,158.26499938964844,True,3.226098751327269,0.5452966400330868,2.5599660838120024,True,True,True,True,0.9276315789473685,7,0.06666666666666667,2010-05-03
JINDALSAW.NS,Capital Goods,,383314819.8755232,64.26964641935263,85.26533508300781,True,4.094384058115528,0.36219035284720924,3.4282513906002614,True,True,True,True,0.9276315789473684,8,0.06666666666666667,2010-05-03
JSWSTEEL.NS,Metals & Mining,,1520308612.311051,78.65168833133563,102.59100341796876,True,2.591044266521674,0.4404225156882646,1.9249115990064074,True,True,True,True,0.8881578947368421,9,0.06666666666666667,2010-05-03
PATANJALI.NS,Fast Moving Consumer Goods,,179778893.6249131,2729.3511266660453,3826.83154296875,True,2.8653155436663504,0.368450312959842,2.1991828761510837,True,True,True,True,0.8793859649122806,10,0.06666666666666667,2010-05-03
BAJAJ-AUTO.NS,Automobile and Auto Components,,311841828.18804,519.8893789933554,689.0795288085938,True,2.3587078147987475,0.4228860888078223,1.6925751472834807,True,True,True,True,0.8706140350877193,11,0.06666666666666667,2010-05-03
TATAELXSI.NS,Information Technology,,80769367.45065644,83.68747253034581,119.31170654296876,True,2.126733960202703,0.7870374846032464,1.460601292687436,True,True,True,True,0.868421052631579,12,0.06666666666666667,2010-05-03
VEDL.NS,Metals & Mining,,595405722.1816506,101.45313126837189,127.70733642578124,True,2.621509907204906,0.32453300096941207,1.9553772396896392,True,True,True,True,0.8530701754385965,13,0.06666666666666667,2010-05-03
APOLLOTYRE.NS,Automobile and Auto Components,,315843154.4506839,43.248704325613666,57.4208869934082,True,2.2746246918320607,0.32445301845122354,1.608492024316794,True,True,True,True,0.831140350877193,14,0.06666666666666667,2010-05-03
TVSMOTOR.NS,Automobile and Auto Components,,75065454.23147912,26.482132954813128,40.29435348510742,True,1.9611823117476574,0.5591140719520964,1.2950496442323907,True,True,True,True,0.807017543859649,15,0.06666666666666667,2010-05-03
WHIRLPOOL.NS,Consumer Durables,,61657048.60964228,91.19491860854566,246.80789184570312,True,11.028504371959373,11.028504371959373,10.75835864380429,True,True,True,True,1.0,1,0.06666666666666667,2010-06-01
VIPIND.NS,Consumer Durables,,56300332.495565735,31.543673261326163,44.01043319702149,True,3.493517361152697,0.9629299965486879,3.2233716329976136,True,True,True,True,0.9876237623762376,2,0.06666666666666667,2010-06-01
STLTECH.NS,Telecommunication,,98535206.50850372,63.178460336809785,88.48218536376953,True,2.5644256548391478,0.6334566056858897,2.294279926684064,True,True,True,True,0.9702970297029703,3,0.06666666666666667,2010-06-01
INDUSINDBK.NS,Financial Services,,165624554.3937907,129.55657947482774,178.13478088378906,True,2.344000505284831,0.6027791457393712,2.073854777129748,True,True,True,True,0.9603960396039604,4,0.06666666666666667,2010-06-01
ESCORTS.NS,Capital Goods,,148203428.18208236,111.69921963178932,157.1184844970703,True,1.841245017278493,0.5453244291993482,1.5710992891234097,True,True,True,True,0.948019801980198,5,0.06666666666666667,2010-06-01
TVSMOTOR.NS,Automobile and Auto Components,,99494787.41167654,28.52631718429489,43.490333557128906,True,1.4767542172187267,0.8276421022982812,1.2066084890636433,True,True,True,True,0.9405940594059405,6,0.06666666666666667,2010-06-01
ENGINERSIN.NS,Construction,,182737075.29462305,87.12959333640246,107.61516571044922,True,1.6721347671144464,0.5087791640460206,1.401989038959363,True,True,True,True,0.9381188118811881,7,0.06666666666666667,2010-06-01
BAJAJ-AUTO.NS,Automobile and Auto Components,,308203819.0221008,553.248175539563,727.2639770507812,True,1.3812188658273161,0.46649613431490367,1.1110731376722327,True,True,True,True,0.8910891089108911,8,0.06666666666666667,2010-06-01
APOLLOTYRE.NS,Automobile and Auto Components,,332584786.9722998,45.94243315116844,58.905906677246094,True,1.3813550278264755,0.34589979342363564,1.111209299671392,True,True,True,True,0.8836633663366337,9,0.06666666666666667,2010-06-01
CUMMINSIND.NS,Capital Goods,,73506075.7126353,225.84349359100187,294.41015625,True,1.2476861702592394,0.46109302941956054,0.977540442104156,True,True,True,True,0.8514851485148515,10,0.06666666666666667,2010-06-01
CHOLAFIN.NS,Financial Services,,50072193.74136138,13.91290087196695,23.46806907653809,True,1.1284130496135911,1.1820262367507461,0.8582673214585077,True,True,True,True,0.8267326732673268,11,0.06666666666666667,2010-06-01
TITAN.NS,Consumer Durables,,154656802.07585144,72.88801747231028,102.52022552490234,True,1.1286221838591488,0.6555529983951491,0.8584764557040654,True,True,True,True,0.8242574257425743,12,0.06666666666666667,2010-06-01
LUPIN.NS,Healthcare,,256511234.71958414,258.0635278596351,339.7685852050781,True,1.180726135221024,0.3913758478775793,0.9105804070659407,True,True,True,True,0.8217821782178218,13,0.06666666666666667,2010-06-01
HAVELLS.NS,Consumer Durables,,257418180.3659223,39.67037544058795,49.38164138793945,True,1.0478579644007704,0.6760584333242097,0.777712236245687,True,True,True,True,0.7970297029702971,14,0.06666666666666667,2010-06-01
HCLTECH.NS,Information Technology,,249123711.25008443,57.622883071899416,64.59508514404297,True,1.3601196254575263,0.135052364378776,1.0899738973024429,True,True,True,True,0.7896039603960396,15,0.06666666666666667,2010-06-01
WHIRLPOOL.NS,Consumer Durables,,64102060.193901315,116.12561840268236,257.43267822265625,True,11.546317187548803,11.546317187548803,11.249201519146647,True,True,True,True,1.0,1,0.06666666666666667,2010-07-01
VIPIND.NS,Consumer Durables,,167409157.3427979,35.09251883041919,57.957706451416016,True,5.994010220154648,1.0356003449192475,5.696894551752492,True,True,True,True,0.9875,2,0.06666666666666667,2010-07-01
AEGISLOG.NS,Oil Gas & Consumable Fuels,,68935226.32063971,10.52737128914301,18.57477378845215,True,2.772895174982784,0.9163474732177592,2.4757795065806283,True,True,True,True,0.9774999999999999,3,0.06666666666666667,2010-07-01
STLTECH.NS,Telecommunication,,101618349.35578448,68.77363285467253,101.40851593017578,True,2.6964567116906224,0.6422328249202751,2.3993410432884668,True,True,True,True,0.9649999999999999,4,0.06666666666666667,2010-07-01
ESCORTS.NS,Capital Goods,,117171676.99368693,123.47897193180256,169.15704345703125,True,2.1666711418368036,0.5472211640338651,1.8695554734346478,True,True,True,True,0.955,5,0.06666666666666667,2010-07-01
EICHERMOT.NS,Automobile and Auto Components,,79463101.35036786,57.75987019371148,82.02560424804688,True,1.9909814395186278,0.4986342769139027,1.693865771116472,True,True,True,True,0.9450000000000001,6,0.06666666666666667,2010-07-01
ZYDUSLIFE.NS,Healthcare,,51450546.31423124,83.92154885296846,115.1145248413086,True,1.8875111427686733,0.4967129096537708,1.5903954743665174,True,True,True,True,0.9349999999999999,7,0.06666666666666667,2010-07-01
TVSMOTOR.NS,Automobile and Auto Components,,146334604.7809147,31.034206754598188,49.9240608215332,True,1.6381025438362822,1.0481454424580576,1.3409868754341263,True,True,True,True,0.93,8,0.06666666666666667,2010-07-01
BAJAJ-AUTO.NS,Automobile and Auto Components,,300407261.46038,594.8734943639093,818.8569946289062,True,1.6454144011357643,0.45908856292508693,1.3482987327336085,True,True,True,True,0.91,9,0.06666666666666667,2010-07-01
INDUSINDBK.NS,Financial Services,,177095932.5450109,139.49572006302265,188.2287750244141,True,1.3694914762634727,0.48592314703805184,1.0723758078613168,True,True,True,True,0.88,10,0.06666666666666667,2010-07-01
CUMMINSIND.NS,Capital Goods,,87465368.85394795,241.13644999595144,312.7650146484375,True,1.2760125003553258,0.4712398481284539,0.9788968319531699,True,True,True,True,0.8524999999999999,11,0.06666666666666667,2010-07-01
LUPIN.NS,Healthcare,,259790287.6671346,276.034291022986,359.43096923828125,True,1.2994815257932912,0.34370120629059087,1.0023658573911354,True,True,True,True,0.8524999999999999,12,0.06666666666666667,2010-07-01
TITAN.NS,Consumer Durables,,145981596.9255829,78.19544229555369,109.36027526855467,True,1.1438730086749107,0.6697187945886649,0.8467573402727548,True,True,True,True,0.8475,13,0.06666666666666667,2010-07-01
PATANJALI.NS,Fast Moving Consumer Goods,,119723470.92709555,3025.1581859492776,3360.490966796875,True,1.4857343027487588,0.22656704950593154,1.188618634346603,True,True,True,True,0.8150000000000001,14,0.06666666666666667,2010-07-01
APOLLOTYRE.NS,Automobile and Auto Components,,253217522.8696315,48.365027307865006,53.54332733154297,True,1.0989721721424734,0.36201449943228625,0.8018565037403176,True,True,True,True,0.81,15,0.06666666666666667,2010-07-01
WHIRLPOOL.NS,Consumer Durables,,64107051.66407852,144.09226345656506,272.59014892578125,True,12.285036283023947,1.1034222221018624,12.029734777862506,True,True,True,True,0.9930555555555556,1,0.06666666666666667,2010-08-02
VIPIND.NS,Consumer Durables,,257647058.33043543,39.4695649841922,71.79905700683594,True,7.595202143766722,1.2865300318500057,7.339900638605281,True,True,True,True,0.9907407407407407,2,0.06666666666666667,2010-08-02
AEGISLOG.NS,Oil Gas & Consumable Fuels,,121536449.65691653,12.094476431458439,22.27848625183105,True,3.0471573539159422,1.427835690651683,2.7918558487545013,True,True,True,True,0.986111111111111,3,0.06666666666666667,2010-08-02
ESCORTS.NS,Capital Goods,,88362285.19079489,133.73931229174437,172.5966033935547,True,2.027724473721896,0.5927030422365926,1.7724229685604551,True,True,True,True,0.962962962962963,4,0.06666666666666667,2010-08-02
EICHERMOT.NS,Automobile and Auto Components,,71780522.49362437,62.01940114773698,88.02767944335938,True,1.9791251445608333,0.7517474068918222,1.7238236393993924,True,True,True,True,0.9583333333333333,5,0.06666666666666667,2010-08-02
TVSMOTOR.NS,Automobile and Auto Components,,228855668.5200704,34.16749158696314,58.33500289916992,True,1.6875097483088797,0.8958962277455211,1.4322082431474388,True,True,True,True,0.949074074074074,6,0.06666666666666667,2010-08-02
BAJAJ-AUTO.NS,Automobile and Auto Components,,373011337.327653,634.8337974356647,899.759765625,True,1.3012073028078976,0.5639833022782246,1.0459057976464567,True,True,True,True,0.9212962962962964,7,0.06666666666666667,2010-08-02
CUMMINSIND.NS,Capital Goods,,84446782.48678233,255.65362288125198,333.2668762207031,True,1.4978439905525338,0.41327993997194024,1.242542485391093,True,True,True,True,0.9143518518518519,8,0.06666666666666667,2010-08-02
INDUSINDBK.NS,Financial Services,,175344591.46001408,149.6682275359954,187.3117218017578,True,1.263473905164536,0.39420195407183867,1.0081724000030952,True,True,True,True,0.8912037037037037,9,0.06666666666666667,2010-08-02
BSOFT.NS,Information Technology,,85653169.65542322,28.633326406478883,35.12152862548828,True,1.7111168728258757,0.2934438165093276,1.4558153676644348,True,True,True,True,0.8865740740740741,10,0.06666666666666667,2010-08-02
UBL.NS,Fast Moving Consumer Goods,,93629796.02284749,180.56225064531642,307.4403076171875,True,1.1877602785352899,1.1458825514141897,0.932458773373849,True,True,True,True,0.8842592592592593,11,0.06666666666666667,2010-08-02
UCOBANK.NS,Financial Services,,247102478.3102457,52.22541962436695,76.26898193359375,True,1.212551976024022,0.5699020374575592,0.9572504708625811,True,True,True,True,0.8819444444444444,12,0.06666666666666667,2010-08-02
SHRIRAMFIN.NS,Financial Services,,135052055.35557416,81.23809431066465,106.1358413696289,True,1.2559184580257643,0.35976747347969806,1.0006169528643234,True,True,True,True,0.8796296296296295,13,0.06666666666666667,2010-08-02
TITAN.NS,Consumer Durables,,172441633.5154139,85.07620227756213,130.24034118652344,True,1.1444957894254184,0.8807379303650904,0.8891942842639775,True,True,True,True,0.8634259259259259,14,0.06666666666666667,2010-08-02
IGL.NS,Oil Gas & Consumable Fuels,,101570028.54471493,16.99216076357281,23.620534896850582,True,1.149392977778171,0.5186869940454144,0.8940914726167302,True,True,True,True,0.8564814814814814,15,0.06666666666666667,2010-08-02
AEGISLOG.NS,Oil Gas & Consumable Fuels,,165244096.2340641,14.06972709732439,24.26801872253418,True,3.125656903407516,1.53158474263989,2.899721002303778,True,True,True,True,0.9933628318584071,1,0.06666666666666667,2010-09-01
VIPIND.NS,Consumer Durables,,470607566.51512593,46.06358623983872,79.47832489013672,True,3.9651632749188286,0.9678920659292334,3.7392273738150905,True,True,True,True,0.9933628318584071,2,0.06666666666666667,2010-09-01
EICHERMOT.NS,Automobile and Auto Components,,104379349.81988907,67.63594221948978,112.3222885131836,True,1.8535603780878964,0.895130490246338,1.6276244769841581,True,True,True,True,0.9734513274336283,3,0.06666666666666667,2010-09-01
TVSMOTOR.NS,Automobile and Auto Components,,234362711.93819135,38.06174930016599,59.65604782104492,True,1.7748217504427233,0.8913225243708396,1.548885849338985,True,True,True,True,0.9579646017699115,4,0.06666666666666667,2010-09-01
UCOBANK.NS,Financial Services,,325986458.94895905,56.95845689246403,91.50634765625,True,1.6828263632283469,0.9056849659615129,1.4568904621246086,True,True,True,True,0.9446902654867257,5,0.06666666666666667,2010-09-01
POONAWALLA.NS,Financial Services,,56783137.99769846,48.530898635710905,73.49295806884766,True,1.7080052822704488,0.6555911161969044,1.4820693811667105,True,True,True,True,0.9380530973451328,6,0.06666666666666667,2010-09-01
NATCOPHARM.NS,Healthcare,,69412395.51336956,27.126230124852167,44.42887496948242,True,1.6025753886819967,1.0039872363013491,1.3766394875782584,True,True,True,True,0.9358407079646017,7,0.06666666666666667,2010-09-01
M&MFIN.NS,Financial Services,,59005150.356380716,40.27915957465244,58.49195861816406,True,1.6612303454538337,0.7161703272621127,1.4352944443500955,True,True,True,True,0.9292035398230089,8,0.06666666666666667,2010-09-01
HAVELLS.NS,Consumer Durables,,280816468.83169556,50.34547170322744,68.84422302246094,True,1.708618121630943,0.48780022120260624,1.4826822205272048,True,True,True,True,0.922566371681416,9,0.06666666666666667,2010-09-01
KARURVYSYA.NS,Financial Services,,55721201.2748689,28.184033647853525,44.7430419921875,True,1.5111344949361412,0.8984565183612161,1.2851985938324029,True,True,True,True,0.9225663716814159,10,0.06666666666666667,2010-09-01
ESCORTS.NS,Capital Goods,,95701894.03379466,141.47606030181424,170.70046997070312,True,1.77509480373574,0.39044567054667656,1.5491589026320016,True,True,True,True,0.913716814159292,11,0.06666666666666667,2010-09-01
UBL.NS,Fast Moving Consumer Goods,,150247475.31629893,201.69113082502355,384.58099365234375,True,1.4275409290379697,1.2023792151340857,1.2016050279342314,True,True,True,True,0.911504424778761,12,0.06666666666666667,2010-09-01
TITAN.NS,Consumer Durables,,279963300.65729266,93.12067357739012,136.0797882080078,True,1.4189972436756335,0.6257092895915868,1.1930613425718952,True,True,True,True,0.8805309734513274,13,0.06666666666666667,2010-09-01
BAJAJ-AUTO.NS,Automobile and Auto Components,,402267320.03537804,681.6384288078576,914.4043579101562,True,1.448318664465594,0.4788056396685816,1.2223827633618558,True,True,True,True,0.8783185840707964,14,0.06666666666666667,2010-09-01
TRENT.NS,Consumer Services,,87537294.16096827,71.61742351282781,98.59296417236328,True,1.446562660243106,0.48246473105872845,1.2206267591393678,True,True,True,True,0.8738938053097345,15,0.06666666666666667,2010-09-01
AEGISLOG.NS,Oil Gas & Consumable Fuels,,169984660.93082815,15.963497655475559,29.72018051147461,True,3.4362944058380993,1.367326741698673,3.225960792640875,True,True,True,True,0.9982014388489209,1,0.06666666666666667,2010-10-01
VIPIND.NS,Consumer Durables,,454502672.1173169,53.10464667315459,99.49594116210938,True,2.9275552435802736,1.1904711354893718,2.717221630383049,True,True,True,True,0.9910071942446044,2,0.06666666666666667,2010-10-01
BAJFINANCE.NS,Financial Services,,87885093.32519771,4.035021890946968,6.909244060516357,True,2.515280742696092,1.3744409453528563,2.3049471294988675,True,True,True,True,0.9892086330935252,3,0.06666666666666667,2010-10-01
UBL.NS,Fast Moving Consumer Goods,,210038503.42884547,229.5458742074631,397.839111328125,True,1.9274027738979456,1.0866714109962805,1.7170691607007211,True,True,True,True,0.9730215827338129,4,0.06666666666666667,2010-10-01
M&MFIN.NS,Financial Services,,103370294.12519932,43.89510985714706,64.33367919921875,True,1.9599827154171008,0.7542542362408897,1.7496491022198764,True,True,True,True,0.9658273381294964,5,0.06666666666666667,2010-10-01
VGUARD.NS,Consumer Durables,,80986147.49284238,7.196825846954805,12.78797721862793,True,1.627591822018081,1.045015247444315,1.4172582088208565,True,True,True,True,0.9532374100719424,6,0.06666666666666667,2010-10-01
TITAN.NS,Consumer Durables,,426840190.87217206,101.9475749030185,151.97105407714844,True,1.6352397389942954,0.7599239383547967,1.424906125797071,True,True,True,True,0.9514388489208634,7,0.06666666666666667,2010-10-01
TVSMOTOR.NS,Automobile and Auto Components,,205656413.54378217,42.08617164381784,60.01251983642578,True,1.5598125658587132,0.7030005194978397,1.3494789526614888,True,True,True,True,0.9316546762589928,8,0.06666666666666667,2010-10-01
NATCOPHARM.NS,Healthcare,,101430388.35516357,30.437753121457508,51.49187088012695,True,1.1879132743623892,1.0575767888044454,0.9775796611651648,True,True,True,True,0.9118705035971222,9,0.06666666666666667,2010-10-01
KARURVYSYA.NS,Financial Services,,148756335.34385502,30.859752233303972,44.78019714355469,True,1.347529734931355,0.6216391321564625,1.1371961217341306,True,True,True,True,0.9100719424460432,10,0.06666666666666667,2010-10-01
EICHERMOT.NS,Automobile and Auto Components,,63690209.25450516,73.76620655922434,109.37042999267578,True,1.2446552550239098,0.7962390175304768,1.0343216418266854,True,True,True,True,0.9100719424460431,11,0.06666666666666667,2010-10-01
INDUSINDBK.NS,Financial Services,,171066613.4759351,170.76839477692417,243.84912109375,True,1.370346638568213,0.4847445016898939,1.1600130253709886,True,True,True,True,0.8992805755395684,12,0.06666666666666667,2010-10-01
UCOBANK.NS,Financial Services,,368943680.09204495,62.177912822320835,92.82061767578124,True,1.08538856529802,0.9577117486031033,0.8750549521007955,True,True,True,True,0.8920863309352518,13,0.06666666666666667,2010-10-01
CUMMINSIND.NS,Capital Goods,,94933284.4384491,293.48709857883165,388.9800720214844,True,1.0709423022993363,0.42693060386369863,0.8606086891021119,True,True,True,True,0.8471223021582733,14,0.06666666666666667,2010-10-01
AJANTPHARM.NS,Healthcare,,52584519.514826424,14.240088410113923,18.630687713623047,True,1.6952153929908396,0.23508081858775354,1.4848817797936151,True,True,True,True,0.8417266187050361,15,0.06666666666666667,2010-10-01
VIPIND.NS,Consumer Durables,,688031313.8514252,61.90085370816178,101.2634506225586,True,3.830169776273353,1.2624237424211175,3.5744376549029626,True,True,True,True,1.0,1,0.06666666666666667,2010-11-01
AEGISLOG.NS,Oil Gas & Consumable Fuels,,152566116.95542616,17.999330597307214,26.81290435791016,True,2.9432637482268524,0.9659993894048742,2.6875316268564626,True,True,True,True,0.9911347517730497,2,0.06666666666666667,2010-11-01
KRBL.NS,Fast Moving Consumer Goods,,86348993.06350946,22.973185735731267,41.63783264160156,True,2.5300132240781066,0.915665734642642,2.2742811027077163,True,True,True,True,0.9840425531914894,3,0.06666666666666667,2010-11-01
UBL.NS,Fast Moving Consumer Goods,,142952065.14108938,257.98342703814484,431.2976989746094,True,2.253143111924225,1.2031734772936664,1.997410990553835,True,True,True,True,0.9822695035460992,4,0.06666666666666667,2010-11-01
BAJFINANCE.NS,Financial Services,,80556838.45291872,4.4674520420668715,6.917281627655029,True,1.988044088024036,0.7718183653595654,1.732311966653646,True,True,True,True,0.9680851063829787,5,0.06666666666666667,2010-11-01
M&MFIN.NS,Financial Services,,146679890.14789408,47.75718501105381,73.50927734375,True,1.8504587282171956,0.7332446114306264,1.5947266068468056,True,True,True,True,0.9539007092198583,6,0.06666666666666667,2010-11-01
TITAN.NS,Consumer Durables,,504187315.59295654,111.40007770480823,164.88461303710938,True,1.8596234786577086,0.6282446221815048,1.6038913572873186,True,True,True,True,0.9503546099290779,7,0.06666666666666667,2010-11-01
VGUARD.NS,Consumer Durables,,60162334.57231481,7.942427527365373,12.19470500946045,True,1.4529217595059274,0.9009537121155022,1.1971896381355374,True,True,True,True,0.9290780141843972,8,0.06666666666666667,2010-11-01
TVSMOTOR.NS,Automobile and Auto Components,,118221052.27110259,45.83337015123224,61.27064895629883,True,1.7366645022201905,0.4614809829155293,1.4809323808498005,True,True,True,True,0.9131205673758866,9,0.06666666666666667,2010-11-01
EICHERMOT.NS,Automobile and Auto Components,,58407665.559482574,80.0514963044593,114.58089447021484,True,1.5373042517026052,0.5700804446388501,1.2815721303322152,True,True,True,True,0.9131205673758865,10,0.06666666666666667,2010-11-01
UCOBANK.NS,Financial Services,,454820841.59208924,68.29243645596145,103.08838653564452,True,1.4468373380251567,0.7160704935086641,1.1911052166547667,True,True,True,True,0.9113475177304965,11,0.06666666666666667,2010-11-01
RAYMOND.NS,Textiles,,793359227.7066882,260.1257032078115,409.8965759277344,True,1.3197963572704676,0.8968552910209266,1.0640642359000776,True,True,True,True,0.9113475177304964,12,0.06666666666666667,2010-11-01
NATCOPHARM.NS,Healthcare,,112470293.84326012,33.43880125266224,47.70843505859375,True,1.3959691942220012,0.582697950980894,1.1402370728516111,True,True,True,True,0.898936170212766,13,0.06666666666666667,2010-11-01
CANBK.NS,Financial Services,,376048362.2278789,65.49906422984061,101.6642608642578,True,1.2270078138833576,0.6963416662439179,0.9712756925129675,True,True,True,True,0.8829787234042553,14,0.06666666666666667,2010-11-01
SRF.NS,Chemicals,,80033632.88002968,37.222354697222684,62.60599136352539,True,1.1870859889067766,0.7562734197826695,0.9313538675363866,True,True,True,True,0.8812056737588654,15,0.06666666666666667,2010-11-01
VIPIND.NS,Consumer Durables,,828256238.2529806,69.49028049468994,106.44590759277344,True,3.7962550093203653,1.4633975981301446,3.653636938247268,True,True,True,True,0.9935897435897436,1,0.06666666666666667,2010-12-01
AEGISLOG.NS,Oil Gas & Consumable Fuels,,129246526.40607388,19.72440851688385,26.73240852355957,True,2.0117997684979994,0.9977507367299348,1.8691816974249018,True,True,True,True,0.9850427350427351,2,0.06666666666666667,2010-12-01
NATCOPHARM.NS,Healthcare,,88179486.0676562,36.76749715805054,55.97365951538086,True,1.9140403169086286,0.876703946030094,1.771422245835531,True,True,True,True,0.9722222222222222,3,0.06666666666666667,2010-12-01
M&MFIN.NS,Financial Services,,152029846.891969,52.20728036880493,78.4404296875,True,1.7362069153645883,0.9108411750285703,1.5935888442914907,True,True,True,True,0.9551282051282051,4,0.06666666666666667,2010-12-01
TVSMOTOR.NS,Automobile and Auto Components,,186232806.62002283,49.359485950469974,68.52581024169922,True,1.8999085567225582,0.6264334009156711,1.7572904856494607,True,True,True,True,0.9508547008547009,5,0.06666666666666667,2010-12-01
TITAN.NS,Consumer Durables,,794949794.5499929,121.46769012451172,171.42262268066406,True,1.8995788464380041,0.6845569116507353,1.7569607753649066,True,True,True,True,0.9487179487179488,6,0.06666666666666667,2010-12-01
UBL.NS,Fast Moving Consumer Goods,,79956730.80467325,282.2967819213867,364.6698303222656,True,1.5436252068245229,0.9356785233412082,1.4010071357514253,True,True,True,True,0.9444444444444444,7,0.06666666666666667,2010-12-01
KRBL.NS,Fast Moving Consumer Goods,,95189372.81901585,24.81480383872986,31.333526611328125,True,1.6350395890518077,0.5685196750598682,1.4924215179787101,True,True,True,True,0.9273504273504274,8,0.06666666666666667,2010-12-01
UCOBANK.NS,Financial Services,,580397640.7772329,74.98947172164917,114.05437469482422,True,1.534891923169858,0.7893347077311914,1.3922738520967604,True,True,True,True,0.9273504273504274,9,0.06666666666666667,2010-12-01
VGUARD.NS,Consumer Durables,,61305532.23482265,8.603452429771423,11.31783390045166,True,1.3119515253431295,0.8359966837106856,1.169333454270032,True,True,True,True,0.9038461538461539,10,0.06666666666666667,2010-12-01
BAJFINANCE.NS,Financial Services,,76447921.89127965,4.873320909738541,6.317954063415527,True,1.458300284705234,0.521158107697596,1.3156822136321364,True,True,True,True,0.8995726495726496,11,0.06666666666666667,2010-12-01
INDUSINDBK.NS,Financial Services,,523992834.8034927,195.83451858520507,268.1057434082031,True,1.4351876786051614,0.591076968827327,1.2925696075320638,True,True,True,True,0.8974358974358975,12,0.06666666666666667,2010-12-01
CANBK.NS,Financial Services,,649288424.2538426,70.82531730651856,104.48239135742188,True,0.9703065267775173,0.8726054902458409,0.8276884557044197,True,True,True,True,0.8611111111111112,13,0.06666666666666667,2010-12-01
CUMMINSIND.NS,Capital Goods,,87094050.3478363,328.7456127166748,420.40826416015625,True,1.172329621911865,0.45593658276956406,1.0297115508387675,True,True,True,True,0.8568376068376068,14,0.06666666666666667,2010-12-01
BAJAJ-AUTO.NS,Automobile and Auto Components,,509426859.22602236,825.9055993652344,1055.4769287109375,True,1.0646657253674876,0.4539305796575057,0.9220476542943901,True,True,True,True,0.844017094017094,15,0.06666666666666667,2010-12-01
VIPIND.NS,Consumer Durables,,683809620.8174063,76.31773572921753,114.74293518066406,True,3.0028068326386785,0.8651324537825995,2.85648108252936,True,True,True,True,0.9977272727272728,1,0.06666666666666667,2011-01-03
UBL.NS,Fast Moving Consumer Goods,,77742883.88987121,310.49676460266113,486.30670166015625,True,2.000048007401047,1.3348355268435497,1.853722257291728,True,True,True,True,0.9931818181818182,2,0.06666666666666667,2011-01-03
AEGISLOG.NS,Oil Gas & Consumable Fuels,,85123252.56705157,21.586005802154542,27.78925132751465,True,1.776016417276705,0.5192544318279932,1.629690667167386,True,True,True,True,0.9590909090909091,3,0.06666666666666667,2011-01-03
M&MFIN.NS,Financial Services,,122930318.55396983,56.50171552658081,73.678466796875,True,1.278606681095758,0.6201994097466128,1.132280930986439,True,True,True,True,0.9477272727272728,4,0.06666666666666667,2011-01-03
NATCOPHARM.NS,Healthcare,,59512151.67555523,40.52534309387207,54.842166900634766,True,1.681690665762856,0.5333664682659249,1.5353649156535372,True,True,True,True,0.9477272727272728,5,0.06666666666666667,2011-01-03
TITAN.NS,Consumer Durables,,921831288.6791077,130.38237590789794,166.87130737304688,True,1.4804409238079579,0.5571234257837923,1.334115173698639,True,True,True,True,0.9454545454545454,6,0.06666666666666667,2011-01-03
UCOBANK.NS,Financial Services,,670435871.4366622,80.78343349456787,95.36702728271484,True,1.117662575127575,0.4865556525983201,0.9713368250182561,True,True,True,True,0.9159090909090909,7,0.06666666666666667,2011-01-03
COROMANDEL.NS,Chemicals,,57599991.66845525,193.56825305938722,241.70225524902344,True,1.7549506528272718,0.34994831228752865,1.6086249027179529,True,True,True,True,0.9136363636363636,8,0.06666666666666667,2011-01-03
RAYMOND.NS,Textiles,,412406450.3160131,290.92531951904294,358.14263916015625,True,0.901109753864205,0.5667360012634688,0.7547840037548861,True,True,True,True,0.8999999999999999,9,0.06666666666666667,2011-01-03
GSFC.NS,Chemicals,,66202774.01700433,39.90716299057007,51.67634201049805,True,0.9830720787452756,0.3766866049446578,0.8367463286359567,True,True,True,True,0.8818181818181818,10,0.06666666666666667,2011-01-03
KRBL.NS,Fast Moving Consumer Goods,,59349060.37641395,25.921531887054442,32.38499450683594,True,0.7825745932582,0.6488072290490403,0.6362488431488811,True,True,True,True,0.8772727272727272,11,0.06666666666666667,2011-01-03
CUB.NS,Financial Services,,77465131.55423585,18.913331503868104,23.161352157592773,True,0.9750969537488712,0.3573819488559151,0.8287712036395523,True,True,True,True,0.8681818181818182,12,0.06666666666666667,2011-01-03
SRF.NS,Chemicals,,90903271.12679386,43.28762275695801,55.92893981933594,True,0.8010753553366499,0.5413849175014054,0.6547496052273309,True,True,True,True,0.8681818181818182,13,0.06666666666666667,2011-01-03
PETRONET.NS,Oil Gas & Consumable Fuels,,184657219.96448544,31.183410968780517,39.48900604248047,True,0.7593325016343218,0.5886838531247145,0.6130067515250028,True,True,True,True,0.8568181818181818,14,0.06666666666666667,2011-01-03
CUMMINSIND.NS,Capital Goods,,80540449.82102254,346.299024810791,415.4917907714844,True,0.8796855509588721,0.3375166724971901,0.7333598008495532,True,True,True,True,0.8386363636363636,15,0.06666666666666667,2011-01-03
UBL.NS,Fast Moving Consumer Goods,,72539728.84541982,337.92131423950195,457.0424499511719,True,2.190080787412611,0.48660549260269104,2.120691063648572,True,True,True,True,0.9950980392156863,1,0.06666666666666667,2011-02-01
NATCOPHARM.NS,Healthcare,,55570536.711037,43.25781599998474,49.43220138549805,True,1.5356401978559178,0.4312771097698058,1.4662504740918787,True,True,True,True,0.9558823529411765,2,0.06666666666666667,2011-02-01
VIPIND.NS,Consumer Durables,,546665129.2707685,82.12263015747071,99.29859924316406,True,2.162287065532291,0.38300701127188774,2.092897341768252,True,True,True,True,0.9509803921568627,3,0.06666666666666667,2011-02-01
TITAN.NS,Consumer Durables,,1076390893.893041,138.01246006011962,167.1567840576172,True,1.4138304708889802,0.28344860382562986,1.344440747124941,True,True,True,True,0.8970588235294117,4,0.06666666666666667,2011-02-01
SRF.NS,Chemicals,,63187418.584013306,45.67301737785339,52.08432388305664,True,0.7872378720370743,0.3970944399120462,0.7178481482730352,True,True,True,True,0.8872549019607843,5,0.06666666666666667,2011-02-01
M&MFIN.NS,Financial Services,,89458525.59441802,59.60876890182495,69.2996597290039,True,1.2480308295883664,0.23204191026858823,1.1786411058243274,True,True,True,True,0.8480392156862745,6,0.06666666666666667,2011-02-01
PETRONET.NS,Oil Gas & Consumable Fuels,,147176146.33805248,32.697046775817874,40.78477096557617,True,0.6750675554730408,0.42360710911227173,0.6056778317090017,True,True,True,True,0.8480392156862744,7,0.06666666666666667,2011-02-01
ZYDUSLIFE.NS,Healthcare,,54195014.091288246,118.47146629333496,145.2477569580078,True,0.7490695795296012,0.3016610782777165,0.6796798557655621,True,True,True,True,0.8333333333333334,8,0.06666666666666667,2011-02-01
TCS.NS,Information Technology,,1172144453.2800822,325.02491638183596,410.7425231933594,True,0.6132641339092519,0.3856450494053629,0.5438744101452129,True,True,True,True,0.8088235294117647,9,0.06666666666666667,2011-02-01
UCOBANK.NS,Financial Services,,552779548.1854024,85.04735553741455,88.426025390625,True,0.8201396413798299,0.1593969546835725,0.7507499176157908,True,True,True,True,0.7941176470588235,10,0.06666666666666667,2011-02-01
HINDALCO.NS,Metals & Mining,,1643210502.3945389,165.92824211120606,203.3307647705078,True,0.5706123373620873,0.44327856331153703,0.5012226135980482,True,True,True,True,0.7843137254901961,11,0.06666666666666667,2011-02-01
CANBK.NS,Financial Services,,636894180.4881202,77.8663708114624,84.95271301269531,True,0.5808874129103823,0.25853253739116755,0.5114976891463432,True,True,True,True,0.7352941176470589,12,0.06666666666666667,2011-02-01
CUMMINSIND.NS,Capital Goods,,64413835.4858551,358.5542611694336,387.3148498535156,True,0.6424803867658215,0.16217625419521053,0.5730906630017825,True,True,True,True,0.7303921568627452,13,0.06666666666666667,2011-02-01
BATAINDIA.NS,Consumer Durables,,132938393.05145009,139.4019825744629,140.0054931640625,True,0.7535976808797764,0.10330374864625735,0.6842079571157373,True,True,True,True,0.7205882352941176,14,0.06666666666666667,2011-02-01
SUNPHARMA.NS,Healthcare,,347213887.02614796,174.11940292358398,197.9181671142578,True,0.508208846582463,0.25617323825072735,0.43881912281842395,True,True,True,True,0.6862745098039216,15,0.06666666666666667,2011-02-01
M&MFIN.NS,Financial Services,,70067632.34585871,62.2803412437439,70.58344268798828,True,1.1366238734327827,0.24593754429509485,1.1076477837551442,True,True,True,True,0.9140625,1,0.06666666666666667,2011-03-01
JUBLFOOD.NS,Consumer Services,,427455040.72928363,46.379857864379886,52.79852294921875,True,1.3558216213718297,0.11368312401240876,1.3268455316941912,True,True,True,True,0.859375,2,0.06666666666666667,2011-03-01
UBL.NS,Fast Moving Consumer Goods,,65828736.472942606,358.7359020233154,391.2823181152344,True,1.255059930873649,0.15136877004214289,1.2260838411960104,True,True,True,True,0.8515625,3,0.06666666666666667,2011-03-01
CANBK.NS,Financial Services,,435717780.7714152,80.17445611953735,86.53791046142578,True,0.5997320592301703,0.22316254898226662,0.5707559695525317,True,True,True,True,0.8046875,4,0.06666666666666667,2011-03-01
VIPIND.NS,Consumer Durables,,377270526.2979088,86.93302701950073,89.05220031738281,True,1.2853051973231255,0.09319636578061474,1.256329107645487,True,True,True,True,0.8046875,5,0.06666666666666667,2011-03-01
SRF.NS,Chemicals,,51889279.36112753,47.1642565536499,48.61150360107422,True,0.8141793609990446,0.15288460581562302,0.7852032713214061,True,True,True,True,0.7890625,6,0.06666666666666667,2011-03-01
TITAN.NS,Consumer Durables,,1089088519.55572,143.6020192718506,154.47299194335938,True,0.9172581589189917,0.11584810772852361,0.8882820692413531,True,True,True,True,0.7734375,7,0.06666666666666667,2011-03-01
TCS.NS,Information Technology,,1289830376.5333445,338.1910676574707,393.2962341308594,True,0.4928301466288705,0.3016034402849008,0.46385405695123194,True,True,True,True,0.71875,8,0.06666666666666667,2011-03-01
SHRIRAMFIN.NS,Financial Services,,230928218.8459862,114.8867289352417,120.00640869140624,True,0.6349403606425557,0.0030754557687449058,0.6059642709649171,True,True,True,True,0.6328125,9,0.06666666666666667,2011-03-01
IOB.NS,Financial Services,,112124801.00335859,112.72398639678956,115.5682373046875,True,0.570722138190275,0.048386996307055785,0.5417460485126364,True,True,True,True,0.6171875,10,0.06666666666666667,2011-03-01
ZYDUSLIFE.NS,Healthcare,,53533625.44213358,121.9887857055664,129.26036071777344,True,0.4561699849117935,0.19188373881035847,0.42719389523415496,True,True,True,True,0.6171875,11,0.06666666666666667,2011-03-01
SUNPHARMA.NS,Healthcare,,405130741.6159052,178.6985955810547,190.12893676757807,True,0.38613463770832523,0.20357098735053114,0.3571585480306867,True,True,True,True,0.609375,12,0.06666666666666667,2011-03-01
BANKBARODA.NS,Financial Services,,235542032.35401598,125.69102401733399,130.5140838623047,True,0.5243068095314853,0.07281458628410942,0.4953307198538468,True,True,True,True,0.6015625,13,0.06666666666666667,2011-03-01
BATAINDIA.NS,Consumer Durables,,116342445.90726115,142.30740589141845,152.3380126953125,True,0.47962424072662024,0.1172928621725271,0.4506481510489817,True,True,True,True,0.5703125,14,0.06666666666666667,2011-03-01
NESTLEIND.NS,Fast Moving Consumer Goods,,63874827.25853475,137.0940428161621,148.8375701904297,True,0.37150181912541247,0.1679390099035507,0.34252572944777393,True,True,True,True,0.546875,15,0.06666666666666667,2011-03-01
VIPIND.NS,Consumer Durables,,433122720.37967616,93.67717618942261,114.35768127441406,True,1.5544898609226752,0.1707747812767768,1.4897631816867467,True,True,True,True,0.9821428571428572,1,0.06666666666666667,2011-04-01
M&MFIN.NS,Financial Services,,63099284.47637933,65.67357419967651,77.24620056152344,True,1.1038251048191676,0.21319171621073196,1.0390984255832392,True,True,True,True,0.9776785714285714,2,0.06666666666666667,2011-04-01
TITAN.NS,Consumer Durables,,1090871769.5171509,150.2388117980957,176.92086791992188,True,1.0477105640354711,0.1507305277376243,0.9829838847995427,True,True,True,True,0.9419642857142858,3,0.06666666666666667,2011-04-01
BATAINDIA.NS,Consumer Durables,,117126023.69295654,146.8929623413086,173.54290771484375,True,0.669576884627185,0.1594545848239426,0.6048502053912566,True,True,True,True,0.9241071428571428,4,0.06666666666666667,2011-04-01
JUBLFOOD.NS,Consumer Services,,317778186.7597497,49.2519756603241,52.59366607666016,True,0.6803802330074675,0.14142037650748307,0.6156535537715391,True,True,True,True,0.9241071428571428,5,0.06666666666666667,2011-04-01
PETRONET.NS,Oil Gas & Consumable Fuels,,126032325.06223196,35.228419151306156,38.49349212646485,True,0.5739627351204051,0.13249634326087656,0.5092360558844766,True,True,True,True,0.8616071428571428,6,0.06666666666666667,2011-04-01
IOB.NS,Financial Services,,106640262.92411219,117.69356979370117,124.71829223632812,True,0.6224237431137627,0.08898128862120092,0.5576970638778342,True,True,True,True,0.84375,7,0.06666666666666667,2011-04-01
TCS.NS,Information Technology,,1410916350.1276357,353.09870223999025,419.38623046875,True,0.5012112420037054,0.29097910085513545,0.4364845627677769,True,True,True,True,0.8258928571428571,8,0.06666666666666667,2011-04-01
CANBK.NS,Financial Services,,471303837.6161386,83.39371746063233,88.24288940429688,True,0.5520668342299586,0.09283642486988875,0.48734015499403016,True,True,True,True,0.8214285714285714,9,0.06666666666666667,2011-04-01
FEDERALBNK.NS,Financial Services,,146613584.9279267,31.759453554153442,34.686466217041016,True,0.6028479447932842,0.05176558551512089,0.5381212655573557,True,True,True,True,0.8080357142857143,10,0.06666666666666667,2011-04-01
ZYDUSLIFE.NS,Healthcare,,60600756.48788071,125.07772865295411,138.77374267578125,True,0.443332348594875,0.1920318319881702,0.3786056693589466,True,True,True,True,0.7857142857142857,11,0.06666666666666667,2011-04-01
BANKBARODA.NS,Financial Services,,268838972.0428346,129.20207397460936,144.6184539794922,True,0.5172979245948457,0.08881107858952575,0.45257124535891724,True,True,True,True,0.7589285714285714,12,0.06666666666666667,2011-04-01
SHRIRAMFIN.NS,Financial Services,,208606951.42128918,118.52997394561767,128.08407592773438,True,0.5325421456858559,0.03492042943539131,0.46781546644992744,True,True,True,True,0.75,13,0.06666666666666667,2011-04-01
BAJAJFINSV.NS,Financial Services,,243321212.98816687,45.246266746520995,50.76152801513672,True,0.5237186492628987,-0.020366074299707715,0.45899197002697023,True,True,True,True,0.6919642857142857,14,0.06666666666666667,2011-04-01
HCLTECH.NS,Information Technology,,347234424.20270795,72.39504846572876,81.55186462402344,True,0.3558427556324504,0.15704777172448203,0.29111607639652193,True,True,True,True,0.6919642857142857,15,0.06666666666666667,2011-04-01
JUBLFOOD.NS,Consumer Services,,461145315.62142056,52.07800140380859,71.96206665039062,True,1.1611250703547022,0.4389933253538534,1.0972628727220015,True,True,True,True,0.9846153846153847,1,0.06666666666666667,2011-05-02
TITAN.NS,Consumer Durables,,1110115853.9513347,157.1876114654541,187.0469970703125,True,0.9223358750290802,0.22483969226910805,0.8584736773963795,True,True,True,True,0.9576923076923077,2,0.06666666666666667,2011-05-02
VIPIND.NS,Consumer Durables,,479216084.40121526,99.22144178390504,117.40225982666016,True,1.5750481289874436,0.10506695004977717,1.5111859313547429,True,True,True,True,0.9423076923076923,3,0.06666666666666667,2011-05-02
TIMKEN.NS,Capital Goods,,50075239.59639715,137.15090797424315,178.2068328857422,True,0.8293994619709582,0.14515310134602744,0.7655372643382574,True,True,True,True,0.9346153846153846,4,0.06666666666666667,2011-05-02
HFCL.NS,Telecommunication,,58472677.9278615,11.170847983360291,19.30497169494629,True,0.651260784566122,0.8194444881367815,0.5873985869334213,True,True,True,True,0.9307692307692307,5,0.06666666666666667,2011-05-02
BLUEDART.NS,Services,,61449794.27596436,993.772006225586,1342.4033203125,True,0.5812615432464501,0.3455875929047916,0.5173993456137493,True,True,True,True,0.8884615384615385,6,0.06666666666666667,2011-05-02
PETRONET.NS,Oil Gas & Consumable Fuels,,128001872.69892502,36.72754793167114,41.732887268066406,True,0.7183744844299775,0.08504511852849972,0.6545122867972768,True,True,True,True,0.8807692307692307,7,0.06666666666666667,2011-05-02
BATAINDIA.NS,Consumer Durables,,121020103.05716248,152.6013130569458,189.7571258544922,True,0.5006693381465424,0.2687230390859099,0.4368071405138416,True,True,True,True,0.8384615384615386,8,0.06666666666666667,2011-05-02
ZYDUSLIFE.NS,Healthcare,,51959606.9801623,128.05970359802245,152.16094970703125,True,0.5556742918786695,0.2112440193276357,0.4918120942459687,True,True,True,True,0.8384615384615384,9,0.06666666666666667,2011-05-02
TCS.NS,Information Technology,,1468278957.8271463,366.7890447998047,412.921142578125,True,0.5715488175403551,0.09643082618355181,0.5076866199076544,True,True,True,True,0.8230769230769232,10,0.06666666666666667,2011-05-02
M&MFIN.NS,Financial Services,,53175754.67013715,68.57386789321899,72.83255767822266,True,0.6494957459817305,0.04460468638745563,0.5856335483490298,True,True,True,True,0.8115384615384615,11,0.06666666666666667,2011-05-02
BAJAJFINSV.NS,Financial Services,,283179668.1670659,46.169432945251465,51.168155670166016,True,0.5617344681445604,0.08789628223448576,0.49787227051185967,True,True,True,True,0.8038461538461539,12,0.06666666666666667,2011-05-02
ITC.NS,Fast Moving Consumer Goods,,835901895.3417486,66.73665096282959,76.06245422363281,True,0.4935556555454874,0.13715637052403262,0.4296934579127867,True,True,True,True,0.8038461538461539,13,0.06666666666666667,2011-05-02
SUNPHARMA.NS,Healthcare,,378740668.54994,188.02953140258788,209.09695434570312,True,0.47856745946540835,0.08934626797306189,0.4147052618327076,True,True,True,True,0.75,14,0.06666666666666667,2011-05-02
NESTLEIND.NS,Fast Moving Consumer Goods,,97708909.34567769,144.26938274383545,168.43373107910156,True,0.450606043621842,0.17543856099602384,0.38674384598914124,True,True,True,True,0.7423076923076923,15,0.06666666666666667,2011-05-02
JUBLFOOD.NS,Consumer Services,,785633068.1920236,55.99279878616333,82.16572570800781,True,1.9985761141336127,0.4576448446136563,1.9355704716165616,True,True,True,True,0.98,1,0.06666666666666667,2011-06-01
VIPIND.NS,Consumer Durables,,527676231.6562125,104.13922607421875,131.9870147705078,True,1.9989937654019805,0.28403612354112706,1.9359881228849294,True,True,True,True,0.97,2,0.06666666666666667,2011-06-01
UBL.NS,Fast Moving Consumer Goods,,97531229.5666158,434.14304779052736,541.460205078125,True,1.8370999952188831,0.4146613448866956,1.774094352701832,True,True,True,True,0.96,3,0.06666666666666667,2011-06-01
BATAINDIA.NS,Consumer Durables,,145702787.06168568,160.90504486083984,215.53125,True,0.8675767095002229,0.3933179399848803,0.8045710669831718,True,True,True,True,0.925,4,0.06666666666666667,2011-06-01
HFCL.NS,Telecommunication,,94697682.23664781,11.905468416213989,17.88043212890625,True,0.7843142069310483,0.5895198298384765,0.7213085644139972,True,True,True,True,0.9249999999999999,5,0.06666666666666667,2011-06-01
TITAN.NS,Consumer Durables,,1138512310.5893097,163.89525840759276,204.6093597412109,True,0.9957950608634871,0.23351047716976803,0.932789418346436,True,True,True,True,0.8949999999999999,6,0.06666666666666667,2011-06-01
TIMKEN.NS,Capital Goods,,59690062.22480799,141.78819915771484,157.47386169433594,True,0.7266693709469783,0.2346615668510068,0.6636637284299272,True,True,True,True,0.855,7,0.06666666666666667,2011-06-01
BLUEDART.NS,Services,,64164602.144422404,1020.780431213379,1223.9373779296875,True,0.4837055707537683,0.33534228542950584,0.4206999282367172,True,True,True,True,0.8,8,0.06666666666666667,2011-06-01
ZYDUSLIFE.NS,Healthcare,,61299367.11285782,132.83612064361571,161.66555786132812,True,0.5215749081572372,0.22595273326615906,0.4585692656401861,True,True,True,True,0.78,9,0.06666666666666667,2011-06-01
PETRONET.NS,Oil Gas & Consumable Fuels,,118563872.86640726,38.20905747413635,43.12345123291016,True,0.6905655467692364,0.14471465254084026,0.6275599042521853,True,True,True,True,0.7799999999999999,10,0.06666666666666667,2011-06-01
ASIANPAINT.NS,Consumer Durables,,316150501.5707245,234.6950862121582,274.876953125,True,0.5187761458962405,0.22989323532421824,0.45577050337918945,True,True,True,True,0.77,11,0.06666666666666667,2011-06-01
TCS.NS,Information Technology,,1235609684.0612314,378.78355865478517,409.91009521484375,True,0.5951517693659525,0.1068035213862073,0.5321461268489014,True,True,True,True,0.7399999999999999,12,0.06666666666666667,2011-06-01
HINDZINC.NS,Metals & Mining,,80849991.9407957,43.13465270996094,47.52729797363281,True,0.43135661148759685,0.2594313078003998,0.36835096897054576,True,True,True,True,0.7250000000000001,13,0.06666666666666667,2011-06-01
RAYMOND.NS,Textiles,,208378189.387441,333.5855722808838,343.9611511230469,True,0.7098027728100114,0.028359514369217242,0.6467971302929603,True,True,True,True,0.71,14,0.06666666666666667,2011-06-01
IGL.NS,Oil Gas & Consumable Fuels,,64176199.23928324,25.539488754272462,27.285564422607425,True,0.4552052333090013,0.07995579166216848,0.3921995907919502,True,True,True,True,0.6599999999999999,15,0.06666666666666667,2011-06-01
JUBLFOOD.NS,Consumer Services,,1008919203.4328531,59.438286533355715,92.96441650390624,True,2.1261272291957702,0.5285906544082002,2.102997378491375,True,True,True,True,0.9959677419354839,1,0.06666666666666667,2011-07-01
BATAINDIA.NS,Consumer Durables,,298811583.62161916,171.17323165893555,273.6133117675781,True,1.2650693114906386,0.7135114437655217,1.2419394607862433,True,True,True,True,0.9637096774193549,2,0.06666666666666667,2011-07-01
VGUARD.NS,Consumer Durables,,52874362.30002193,12.015336604118348,14.56779670715332,True,1.2508422179474241,0.26242946715199866,1.2277123672430288,True,True,True,True,0.9233870967741935,3,0.06666666666666667,2011-07-01
VIPIND.NS,Consumer Durables,,472348747.3906956,109.24698696136474,132.21990966796875,True,1.281317149407978,0.15257273573955987,1.2581872987035827,True,True,True,True,0.907258064516129,4,0.06666666666666667,2011-07-01
TITAN.NS,Consumer Durables,,1509610286.0650532,171.3612395477295,198.9486541748047,True,0.8192040362576716,0.21899902635643964,0.7960741855532762,True,True,True,True,0.9032258064516129,5,0.06666666666666667,2011-07-01
BLUEDART.NS,Services,,65246910.20117594,1043.970278930664,1305.7900390625,True,0.5245478621725632,0.34823347219999934,0.5014180114681679,True,True,True,True,0.8669354838709677,6,0.06666666666666667,2011-07-01
TIMKEN.NS,Capital Goods,,112227303.39453226,146.1021932220459,181.5144805908203,True,0.519243911425683,0.29310342765975084,0.4961140607212877,True,True,True,True,0.8508064516129032,7,0.06666666666666667,2011-07-01
UBL.NS,Fast Moving Consumer Goods,,121082466.98395233,451.52615951538087,511.23193359375,True,1.3850225794873556,0.059340610419247763,1.3618927287829603,True,True,True,True,0.8346774193548387,8,0.06666666666666667,2011-07-01
HFCL.NS,Telecommunication,,130639451.86425298,12.573528394699096,16.062911987304688,True,0.4533331814697428,0.49315049184423243,0.43020333076534745,True,True,True,True,0.8225806451612903,9,0.06666666666666667,2011-07-01
COROMANDEL.NS,Chemicals,,50701350.43842087,231.99822052001954,272.7082824707031,True,0.539567814830898,0.14621135486272463,0.5164379641265027,True,True,True,True,0.8145161290322581,10,0.06666666666666667,2011-07-01
PETRONET.NS,Oil Gas & Consumable Fuels,,135046251.26951677,39.297303981781006,43.56495666503906,True,0.7752348939456397,0.10233489216747382,0.7521050432412444,True,True,True,True,0.8064516129032258,11,0.06666666666666667,2011-07-01
IGL.NS,Oil Gas & Consumable Fuels,,91076660.54858334,25.810061655044557,30.36954498291016,True,0.4982285539859137,0.15519887770977592,0.4750987032815184,True,True,True,True,0.782258064516129,12,0.06666666666666667,2011-07-01
BHARTIARTL.NS,Telecommunication,,1433780981.5507588,291.2598631286621,329.0016784667969,True,0.5074324130645584,0.1155361983641423,0.4843025623601631,True,True,True,True,0.7419354838709677,13,0.06666666666666667,2011-07-01
TCS.NS,Information Technology,,1204592954.9745412,390.4778242492676,422.3575439453125,True,0.597041555724237,0.03228123004543071,0.5739117050198417,True,True,True,True,0.7419354838709677,14,0.06666666666666667,2011-07-01
FEDERALBNK.NS,Financial Services,,183067167.656538,34.21901803970337,37.51243209838867,True,0.447670647481887,0.14478998882877203,0.4245407967774917,True,True,True,True,0.7379032258064515,15,0.06666666666666667,2011-07-01
JUBLFOOD.NS,Consumer Services,,1090474473.3993149,63.06887355804443,83.36557006835938,True,1.5426949272304329,0.5686488777991496,1.557470935086613,True,True,True,True,0.9916666666666667,1,0.06666666666666667,2011-08-01
BATAINDIA.NS,Consumer Durables,,417720118.35875547,184.8021337890625,294.69317626953125,True,1.2800638743329404,1.0087589449159595,1.2948398821891205,True,True,True,True,0.9875,2,0.06666666666666667,2011-08-01
VIPIND.NS,Consumer Durables,,581202877.0329825,114.03587341308594,140.12890625,True,0.9245427777264925,0.38709627965142146,0.9393187855826725,True,True,True,True,0.9583333333333334,3,0.06666666666666667,2011-08-01
PETRONET.NS,Oil Gas & Consumable Fuels,,229003716.1838749,40.818786277771,55.057254791259766,True,0.8357280504263609,0.372277406961977,0.8505040582825408,True,True,True,True,0.9375,4,0.06666666666666667,2011-08-01
VGUARD.NS,Consumer Durables,,63446749.50338128,12.264171319007874,15.31787109375,True,0.6752590964587908,0.38494008102898025,0.6900351043149707,True,True,True,True,0.9041666666666667,5,0.06666666666666667,2011-08-01
TIMKEN.NS,Capital Goods,,96809661.14331284,152.70669757843018,186.5565185546875,True,0.7142327949707745,0.3131744950346338,0.7290088028269545,True,True,True,True,0.9000000000000001,6,0.06666666666666667,2011-08-01
HFCL.NS,Telecommunication,,73105618.38482957,13.07531029701233,15.227839469909668,True,0.5422886230481909,0.5736039953803633,0.5570646309043709,True,True,True,True,0.8833333333333333,7,0.06666666666666667,2011-08-01
TITAN.NS,Consumer Durables,,1302459950.336263,177.35297439575194,213.08660888671875,True,0.6321761914434909,0.3237150199777512,0.6469521992996708,True,True,True,True,0.8666666666666666,8,0.06666666666666667,2011-08-01
IGL.NS,Oil Gas & Consumable Fuels,,84681534.8939584,26.51113868713379,32.914512634277344,True,0.4044461459467392,0.33907045686596393,0.41922215380291916,True,True,True,True,0.8125,9,0.06666666666666667,2011-08-01
RAYMOND.NS,Textiles,,224261116.99845836,333.7875963592529,362.36041259765625,True,0.7034739743337481,0.20245221210295905,0.7182499821899281,True,True,True,True,0.8083333333333332,10,0.06666666666666667,2011-08-01
NESTLEIND.NS,Fast Moving Consumer Goods,,69164105.55743408,159.45616584777832,183.9234619140625,True,0.4900791668933051,0.2555818124507683,0.504855174749485,True,True,True,True,0.7916666666666667,11,0.06666666666666667,2011-08-01
BHARTIARTL.NS,Telecommunication,,1506658417.4322412,295.03684387207034,364.28466796875,True,0.38415154321635425,0.3361345017529316,0.3989275510725342,True,True,True,True,0.7833333333333333,12,0.06666666666666667,2011-08-01
IDEA.NS,Telecommunication,,507173977.9806527,41.31055332183838,56.01038360595703,True,0.374362629222204,0.34401697314142066,0.3891386370783839,True,True,True,True,0.7541666666666667,13,0.06666666666666667,2011-08-01
ITC.NS,Fast Moving Consumer Goods,,826908536.653168,71.16937719345093,84.38943481445312,True,0.3763793932545527,0.2691504908981863,0.39115540111073266,True,True,True,True,0.7291666666666666,14,0.06666666666666667,2011-08-01
MOTHERSON.NS,Automobile and Auto Components,,52317291.439510204,5.817992062568664,6.575057029724121,True,0.37679556929821123,0.2532823133502542,0.39157157715439117,True,True,True,True,0.725,15,0.06666666666666667,2011-08-01
BATAINDIA.NS,Consumer Durables,,516781063.9365204,200.90911598205565,310.36328125,True,1.2762977715524553,1.0373331367447332,1.3889238427303048,True,True,True,True,1.0,1,0.06666666666666667,2011-09-02
JUBLFOOD.NS,Consumer Services,,1027737630.3411535,66.55767320632934,92.45716857910156,True,0.9502058502573953,0.751131725181521,1.0628319214352449,True,True,True,True,0.975609756097561,2,0.06666666666666667,2011-09-02
VIPIND.NS,Consumer Durables,,640461542.6704203,117.05261676788331,139.9736785888672,True,0.7183036038742829,0.5718160594572597,0.8309296750521324,True,True,True,True,0.9329268292682926,3,0.06666666666666667,2011-09-02
PETRONET.NS,Oil Gas & Consumable Fuels,,274919644.5194776,42.59422863006592,55.89073181152344,True,0.6246932094738489,0.6069770043587084,0.7373192806516984,True,True,True,True,0.9207317073170732,4,0.06666666666666667,2011-09-02
CHAMBLFERT.NS,Chemicals,,183667988.26794937,55.645537281036376,73.51306915283203,True,0.6232323845769165,0.6111728773972569,0.735858455754766,True,True,True,True,0.9085365853658537,5,0.06666666666666667,2011-09-02
IDEA.NS,Telecommunication,,795289323.4933842,42.88623498916626,59.33480072021485,True,0.4340031320003743,0.736750798770204,0.5466292031782238,True,True,True,True,0.8780487804878048,6,0.06666666666666667,2011-09-02
NESTLEIND.NS,Fast Moving Consumer Goods,,63992131.31624857,162.97542861938476,185.1467437744141,True,0.45285968008002264,0.2439516685036498,0.5654857512578721,True,True,True,True,0.8048780487804877,7,0.06666666666666667,2011-09-02
IGL.NS,Oil Gas & Consumable Fuels,,104847136.35801856,27.32379687309265,34.64558410644531,True,0.31965102842867976,0.5009807383273464,0.43227709960652927,True,True,True,True,0.7804878048780488,8,0.06666666666666667,2011-09-02
TITAN.NS,Consumer Durables,,1082682113.584239,180.8489134979248,192.03466796875,True,0.3871779019453163,0.24316015086419362,0.4998039731231658,True,True,True,True,0.7378048780487805,9,0.06666666666666667,2011-09-02
TIMKEN.NS,Capital Goods,,100526180.6216128,154.25945293426514,166.3882598876953,True,0.27590496653511454,0.33107480079356066,0.38853103771296404,True,True,True,True,0.7195121951219512,10,0.06666666666666667,2011-09-02
MFSL.NS,Financial Services,,86062382.24683405,147.3818282699585,177.881103515625,True,0.2740086355232805,0.3769040536266164,0.38663470670113,True,True,True,True,0.7073170731707318,11,0.06666666666666667,2011-09-02
SUNPHARMA.NS,Healthcare,,372255469.332105,207.19700241088867,220.7022247314453,True,0.39710871499377887,0.16080291871216512,0.5097347861716284,True,True,True,True,0.7012195121951219,12,0.06666666666666667,2011-09-02
BHARTIARTL.NS,Telecommunication,,1995403016.8008544,301.64318206787107,337.97857666015625,True,0.28337500049249686,0.22449412374764433,0.39600107167034637,True,True,True,True,0.6707317073170731,13,0.06666666666666667,2011-09-02
ZYDUSLIFE.NS,Healthcare,,95645328.28989919,145.8862339782715,149.4638671875,True,0.3781762007414655,0.1563008671609607,0.490802271919315,True,True,True,True,0.6524390243902439,14,0.06666666666666667,2011-09-02
HEROMOTOCO.NS,Automobile and Auto Components,,507070770.6113932,1094.2944125366212,1327.8187255859375,True,0.23886329031200693,0.48453097653354127,0.35148936148985643,True,True,True,True,0.6463414634146342,15,0.06666666666666667,2011-09-02
BATAINDIA.NS,Consumer Durables,,477211335.24120075,216.14923591613768,290.3117980957031,True,0.9567049676425745,0.6940721861529295,1.15472334432198,True,True,True,True,1.0,1,0.06666666666666667,2011-10-03
JUBLFOOD.NS,Consumer Services,,969387871.8415273,69.75560558319091,77.37117767333984,True,0.6333400146355146,0.46175815956640776,0.8313583913149202,True,True,True,True,0.9523809523809523,2,0.06666666666666667,2011-10-03
VIPIND.NS,Consumer Durables,,748805955.7193216,123.15679187774658,158.0631561279297,True,0.6560468100423116,0.35100256132661567,0.8540651867217172,True,True,True,True,0.9523809523809523,3,0.06666666666666667,2011-10-03
PETRONET.NS,Oil Gas & Consumable Fuels,,318977228.3280488,44.423976287841796,51.258544921875,True,0.5017674696399688,0.3750811768551252,0.6997858463193743,True,True,True,True,0.9226190476190477,4,0.06666666666666667,2011-10-03
IGL.NS,Oil Gas & Consumable Fuels,,100927913.07313664,28.28982597351074,34.326805114746094,True,0.36705442001905375,0.43658100538859634,0.5650727966984593,True,True,True,True,0.9107142857142857,5,0.06666666666666667,2011-10-03
IDEA.NS,Telecommunication,,827562111.2120938,44.61047632217407,58.4740104675293,True,0.3124583879598388,0.49468883960096677,0.5104767646392444,True,True,True,True,0.8690476190476191,6,0.06666666666666667,2011-10-03
TIMKEN.NS,Capital Goods,,50739167.2328331,157.88490165710448,169.9782257080078,True,0.3201758892500708,0.2954197857218943,0.5181942659294764,True,True,True,True,0.8511904761904762,7,0.06666666666666667,2011-10-03
CHAMBLFERT.NS,Chemicals,,246835013.4314193,57.13981161117554,64.74258422851562,True,0.3393469161895295,0.21727763242273324,0.5373652928689351,True,True,True,True,0.8452380952380952,8,0.06666666666666667,2011-10-03
GMDCLTD.NS,Metals & Mining,,51553462.98899536,96.87615348815918,115.40811157226562,True,0.2948128895699782,0.2649216722638643,0.4928312662493838,True,True,True,True,0.8095238095238095,9,0.06666666666666667,2011-10-03
NESTLEIND.NS,Fast Moving Consumer Goods,,67773744.76872253,165.64113677978514,179.3676300048828,True,0.2867451328785935,0.1657370385175958,0.4847635095579991,True,True,True,True,0.75,10,0.06666666666666667,2011-10-03
LUPIN.NS,Healthcare,,400081553.0388743,405.5213148498535,439.066162109375,True,0.20791481867030237,0.1458589354540636,0.40593319534970795,True,True,True,True,0.6964285714285714,11,0.06666666666666667,2011-10-03
ASIANPAINT.NS,Consumer Durables,,183090686.6918335,252.17700149536134,279.0421447753906,True,0.14877336714620926,0.254190979769642,0.34679174382561484,True,True,True,True,0.6785714285714286,12,0.06666666666666667,2011-10-03
TITAN.NS,Consumer Durables,,706435634.3556417,184.197529296875,195.0687561035156,True,0.24910130646311868,0.09287046237200092,0.44711968314252426,True,True,True,True,0.6785714285714286,13,0.06666666666666667,2011-10-03
RAJESHEXPO.NS,Consumer Durables,,66249495.26874415,107.3812377166748,117.26698303222656,True,0.19684048932859222,0.13139695753033886,0.3948588660079978,True,True,True,True,0.6666666666666667,14,0.06666666666666667,2011-10-03
M&M.NS,Automobile and Auto Components,,1266953624.78295,304.85851676940916,348.4634704589844,True,0.14978725546713934,0.15197371368016155,0.3478056321465449,True,True,True,True,0.6547619047619048,15,0.06666666666666667,2011-10-03
BATAINDIA.NS,Consumer Durables,,418335217.2564016,228.91451347351074,323.9322204589844,True,1.20240432936146,0.7342528886621125,1.3623661323276162,True,True,True,True,1.0,1,0.06666666666666667,2011-11-01
RAJESHEXPO.NS,Consumer Durables,,85860675.04019661,108.44415805816651,144.23208618164062,True,0.3993386431570203,0.6563599415216463,0.5593004461231766,True,True,True,True,0.9663461538461539,2,0.06666666666666667,2011-11-01
VIPIND.NS,Consumer Durables,,720975372.4638175,127.61273502349853,150.4618682861328,True,0.3986243774611229,0.24438498331141822,0.5585861804272793,True,True,True,True,0.9230769230769231,3,0.06666666666666667,2011-11-01
IDEA.NS,Telecommunication,,635166529.7660989,45.96487701416016,56.15879821777344,True,0.290586629568903,0.39528045657579725,0.4505484325350594,True,True,True,True,0.9182692307692307,4,0.06666666666666667,2011-11-01
JUBLFOOD.NS,Consumer Services,,1150446564.9208984,71.62777040481568,78.73198699951172,True,0.587685770635143,0.1541540360433551,0.7476475736012994,True,True,True,True,0.9182692307692307,5,0.06666666666666667,2011-11-01
PETRONET.NS,Oil Gas & Consumable Fuels,,258238915.15478796,45.472591457366946,51.69130706787109,True,0.2873683186474969,0.24902752750902768,0.44733012161365326,True,True,True,True,0.8846153846153846,6,0.06666666666666667,2011-11-01
IGL.NS,Oil Gas & Consumable Fuels,,114578112.91028468,28.892435321807863,33.61259460449219,True,0.2768164951775991,0.33924853744306116,0.43677829814375546,True,True,True,True,0.8798076923076924,7,0.06666666666666667,2011-11-01
HINDUNILVR.NS,Fast Moving Consumer Goods,,708491451.3262726,234.72761726379395,289.4828796386719,True,0.2735749025412153,0.3596807956801087,0.43353670550737167,True,True,True,True,0.8557692307692306,8,0.06666666666666667,2011-11-01
ITC.NS,Fast Moving Consumer Goods,,1018243638.9677085,75.1701344871521,86.3336181640625,True,0.27525782850545966,0.13799389847526244,0.435219631471616,True,True,True,True,0.8076923076923077,9,0.06666666666666667,2011-11-01
TITAN.NS,Consumer Durables,,695572792.0965985,187.6386553955078,202.86404418945312,True,0.36356124108716914,0.061228187682139446,0.5235230440533255,True,True,True,True,0.8028846153846154,10,0.06666666666666667,2011-11-01
HEROMOTOCO.NS,Automobile and Auto Components,,707179707.7601155,1132.036248474121,1411.6912841796875,True,0.24735204340275896,0.3099232627474149,0.4073138463689153,True,True,True,True,0.7884615384615384,11,0.06666666666666667,2011-11-01
M&M.NS,Automobile and Auto Components,,1340857640.6889048,307.28931480407715,374.7037658691406,True,0.2534631222349537,0.14174599091943985,0.41342492520111007,True,True,True,True,0.7692307692307692,12,0.06666666666666667,2011-11-01
ASIANPAINT.NS,Consumer Durables,,167482770.8462728,254.5905509185791,280.0911865234375,True,0.22088605355440638,0.1865531795404105,0.38084785652056274,True,True,True,True,0.75,13,0.06666666666666667,2011-11-01
ACC.NS,Construction Materials,,254025636.33299968,843.2275869750977,994.0576171875,True,0.25310696531901544,0.0939261141927743,0.4130687682851718,True,True,True,True,0.7307692307692308,14,0.06666666666666667,2011-11-01
BAJAJ-AUTO.NS,Automobile and Auto Components,,521194735.3315338,961.8781332397461,1191.6715087890625,True,0.19742887310226465,0.2046007480065426,0.357390676068421,True,True,True,True,0.7307692307692308,15,0.06666666666666667,2011-11-01
BATAINDIA.NS,Consumer Durables,,322704877.7424856,243.33439613342284,276.25115966796875,True,0.7997827265197313,0.36025493252557306,1.0183164240834026,True,True,True,True,0.9864864864864865,1,0.06666666666666667,2011-12-01
IDEA.NS,Telecommunication,,608155760.4946314,47.605711154937744,58.14750289916992,True,0.3795773392282593,0.5011493729904928,0.5981110367919308,True,True,True,True,0.9594594594594595,2,0.06666666666666667,2011-12-01
PETRONET.NS,Oil Gas & Consumable Fuels,,222692198.6958327,46.68849378585816,52.861366271972656,True,0.4192823970775501,0.25337158220989475,0.6378160946412216,True,True,True,True,0.945945945945946,3,0.06666666666666667,2011-12-01
HINDUNILVR.NS,Fast Moving Consumer Goods,,891829315.8708285,242.77277877807617,308.75604248046875,True,0.3487922076736092,0.31251570944485385,0.5673259052372807,True,True,True,True,0.9121621621621622,4,0.06666666666666667,2011-12-01
IGL.NS,Oil Gas & Consumable Fuels,,103315953.08157794,29.602364864349365,32.426265716552734,True,0.28079753928269846,0.25164378216407646,0.49933123684636993,True,True,True,True,0.8581081081081081,5,0.06666666666666667,2011-12-01
ITC.NS,Fast Moving Consumer Goods,,935714759.0259687,76.83027812957764,81.29090881347656,True,0.19172116018914598,0.09931520311403941,0.41025485775281745,True,True,True,True,0.7837837837837838,6,0.06666666666666667,2011-12-01
ACC.NS,Construction Materials,,279394814.70309144,859.8097744750977,951.8429565429688,True,0.17241558962148362,0.15508273972529696,0.3909492871851551,True,True,True,True,0.75,7,0.06666666666666667,2011-12-01
RAJESHEXPO.NS,Consumer Durables,,91447207.97931099,108.91240886688233,126.7698974609375,True,0.14657240695217144,0.4903501617671897,0.3651061045158429,True,True,True,True,0.7297297297297297,8,0.06666666666666667,2011-12-01
SUNPHARMA.NS,Healthcare,,453145735.7982717,211.23835998535156,237.6132202148437,True,0.16266456973880428,0.2009714682301178,0.38119826730247575,True,True,True,True,0.722972972972973,9,0.06666666666666667,2011-12-01
COLPAL.NS,Fast Moving Consumer Goods,,53168991.42043762,345.52064056396483,373.4625244140625,True,0.16417431954143158,0.12495609381936101,0.38270801710510305,True,True,True,True,0.7094594594594594,10,0.06666666666666667,2011-12-01
BHARTIARTL.NS,Telecommunication,,1950276395.192814,313.36964950561526,322.48492431640625,True,0.17599245917985784,0.05384644689363616,0.3945261567435293,True,True,True,True,0.6891891891891893,11,0.06666666666666667,2011-12-01
JUBLFOOD.NS,Consumer Services,,1089941721.5540783,73.71125141143798,75.33727264404297,True,0.31332377771905073,-0.06467266834454488,0.5318574752827222,True,True,True,True,0.6824324324324325,12,0.06666666666666667,2011-12-01
DIVISLAB.NS,Healthcare,,78664879.2586792,316.49516845703124,328.8151550292969,True,0.17433894344083467,0.04187490807724137,0.39287264100450614,True,True,True,True,0.6418918918918919,13,0.06666666666666667,2011-12-01
NESTLEIND.NS,Fast Moving Consumer Goods,,79415448.92607117,171.0011499786377,178.1211395263672,True,0.15062611302493112,0.07363433688288334,0.3691598105886026,True,True,True,True,0.6013513513513513,14,0.06666666666666667,2011-12-01
HAVELLS.NS,Consumer Durables,,89845054.45153332,65.00758459091186,72.5786361694336,True,0.08672616817305312,0.08263116523581382,0.3052598657367246,True,True,True,True,0.5675675675675677,15,0.06666666666666667,2011-12-01
HINDUNILVR.NS,Fast Moving Consumer Goods,,849400936.4684893,253.02130783081054,316.7247009277344,True,0.4273311175191774,0.28101119362824245,0.6810879657611033,True,True,True,True,0.9891304347826086,1,0.06666666666666667,2012-01-02
PETRONET.NS,Oil Gas & Consumable Fuels,,187565061.01015395,48.21056756973267,49.9442253112793,True,0.23898150609465452,0.08232023920434961,0.4927383543365804,True,True,True,True,0.8478260869565217,2,0.06666666666666667,2012-01-02
APOLLOHOSP.NS,Healthcare,,158730099.5609497,483.5087649536133,534.1680908203125,True,0.21443988156178806,0.21508760045741715,0.46819672980371396,True,True,True,True,0.8369565217391305,3,0.06666666666666667,2012-01-02
DIVISLAB.NS,Healthcare,,90476599.25943501,322.72346298217775,341.31817626953125,True,0.2516738317311451,0.026432369376060638,0.505430679973071,True,True,True,True,0.8152173913043479,4,0.06666666666666667,2012-01-02
ITC.NS,Fast Moving Consumer Goods,,890023654.5952805,78.6852953338623,81.53392791748047,True,0.23538939195178488,0.03177839793042159,0.4891462401937108,True,True,True,True,0.7608695652173912,5,0.06666666666666667,2012-01-02
AMBUJACEM.NS,Construction Materials,,259540764.99276745,113.73905918121338,125.07443237304688,True,0.15020921784959884,0.1813729149834098,0.40396606609152474,True,True,True,True,0.717391304347826,6,0.06666666666666667,2012-01-02
ULTRACEMCO.NS,Construction Materials,,163185863.64522907,1008.8605297851562,1101.926513671875,True,0.11288555637608133,0.22490606592279283,0.36664240461800723,True,True,True,True,0.6847826086956522,7,0.06666666666666667,2012-01-02
BAJAJ-AUTO.NS,Automobile and Auto Components,,500438222.57503664,1019.8759994506836,1096.2633056640625,True,0.13315624196598552,0.1799847505514225,0.3869130902079114,True,True,True,True,0.673913043478261,8,0.06666666666666667,2012-01-02
IGL.NS,Oil Gas & Consumable Fuels,,93025710.19967811,30.239702854156494,30.315889358520508,True,0.1739757552148713,0.026100451376188216,0.4277326034567972,True,True,True,True,0.6413043478260869,9,0.06666666666666667,2012-01-02
LICHSGFIN.NS,Financial Services,,496499375.8108322,174.50270462036133,177.5620574951172,True,0.1984149052500277,-0.013097962395007046,0.4521717534919536,True,True,True,True,0.6304347826086957,10,0.06666666666666667,2012-01-02
ACC.NS,Construction Materials,,256904809.7026052,877.1685766601563,945.6874389648438,True,0.09213983067125242,0.17566668616734749,0.3458966789131783,True,True,True,True,0.5652173913043478,11,0.06666666666666667,2012-01-02
GRASIM.NS,Construction Materials,,141859927.98614147,322.3208444213867,350.1195983886719,True,0.08570997310500017,0.20550426575920477,0.3394668213469261,True,True,True,True,0.5652173913043478,12,0.06666666666666667,2012-01-02
RAJESHEXPO.NS,Consumer Durables,,68749982.47055283,109.24359027862549,120.88482666015624,True,0.04003288277058581,0.3387659227865256,0.2937897310125117,True,True,True,True,0.5108695652173914,13,0.06666666666666667,2012-01-02
SUNPHARMA.NS,Healthcare,,389794091.7437017,215.58561592102052,225.02040100097656,True,0.10656473251251453,0.022894781709145606,0.36032158075444043,True,True,True,True,0.48913043478260865,14,0.06666666666666667,2012-01-02
PRAJIND.NS,Capital Goods,,58266201.34979407,56.16251750946045,56.44365310668945,True,0.05555073227917351,0.05046196539027603,0.3093075805210994,True,True,True,True,0.46739130434782605,15,0.06666666666666667,2012-01-02
BATAINDIA.NS,Consumer Durables,,289264831.0896503,265.399543417159,307.3232421875,True,0.9071359122726812,0.09843457523167443,1.018149093660666,True,True,True,True,0.9471153846153846,1,0.06666666666666667,2012-02-01
HAVELLS.NS,Consumer Durables,,127935225.98651303,67.6418120609456,84.36661529541016,True,0.3175393289284696,0.3032106796774412,0.42855251031645436,True,True,True,True,0.9423076923076923,2,0.06666666666666667,2012-02-01
JUBLFOOD.NS,Consumer Services,,793539944.179791,79.024808337341,92.05721282958984,True,0.5736199763450787,0.0883406852255153,0.6846331577330634,True,True,True,True,0.9278846153846154,3,0.06666666666666667,2012-02-01
LICHSGFIN.NS,Financial Services,,436676525.03780717,177.08781739814796,201.34657287597656,True,0.34162100531831174,0.16744182342987957,0.4526341867062965,True,True,True,True,0.9230769230769231,4,0.06666666666666667,2012-02-01
AMBUJACEM.NS,Construction Materials,,241044127.10300097,115.38225770116452,129.5830078125,True,0.29672204940776536,0.2565528319206827,0.40773523079575014,True,True,True,True,0.8942307692307693,5,0.06666666666666667,2012-02-01
IDEA.NS,Telecommunication,,609765827.5534147,50.51186273086011,56.60403060913086,True,0.37391945004729576,0.05768155263792285,0.48493263143528054,True,True,True,True,0.8846153846153847,6,0.06666666666666667,2012-02-01
HINDUNILVR.NS,Fast Moving Consumer Goods,,803558115.6964324,263.3668016596655,294.6068420410156,True,0.2971324874906305,0.1679702420165161,0.40814566887861525,True,True,True,True,0.8846153846153846,7,0.06666666666666667,2012-02-01
BAJAJ-AUTO.NS,Automobile and Auto Components,,651727778.9652007,1029.8933268024693,1103.0833740234375,True,0.2603446817404287,0.12312816819220451,0.37135786312841346,True,True,True,True,0.8076923076923077,8,0.06666666666666667,2012-02-01
ACC.NS,Construction Materials,,255373325.04638878,886.8730192711605,992.5183715820312,True,0.22684344846270554,0.21285931733175167,0.3378566298506903,True,True,True,True,0.7980769230769231,9,0.06666666666666667,2012-02-01
INDUSINDBK.NS,Financial Services,,146884754.9393758,240.91061079322392,269.6533508300781,True,0.2318291454841499,0.0865437000854441,0.3428423268721347,True,True,True,True,0.7644230769230769,10,0.06666666666666667,2012-02-01
ULTRACEMCO.NS,Construction Materials,,166518628.09925145,1021.1003601994347,1147.505615234375,True,0.20030987218985197,0.2172939921822985,0.31132305357783674,True,True,True,True,0.7451923076923077,11,0.06666666666666667,2012-02-01
PETRONET.NS,Oil Gas & Consumable Fuels,,174983175.71119186,49.62370123935105,52.79726791381836,True,0.3046432826384766,-0.042441856161147484,0.4156564640264614,True,True,True,True,0.735576923076923,12,0.06666666666666667,2012-02-01
APOLLOTYRE.NS,Automobile and Auto Components,,113866428.35879873,54.79822628462135,60.84505462646485,True,0.2749852339061969,-0.022926559942770264,0.38599841529418166,True,True,True,True,0.7115384615384616,13,0.06666666666666667,2012-02-01
ITC.NS,Fast Moving Consumer Goods,,851006429.9488993,80.10543968929119,82.60726928710938,True,0.23536840049143182,0.015181546620061992,0.3463815818794166,True,True,True,True,0.7115384615384615,14,0.06666666666666667,2012-02-01
KOTAKBANK.NS,Financial Services,,361832439.5508433,45.42599291777491,49.33495330810547,True,0.20455618248573582,0.06919094211252652,0.3155693638737206,True,True,True,True,0.7067307692307693,15,0.06666666666666667,2012-02-01
MRF.NS,Automobile and Auto Components,,117811737.42569022,6984.42070214353,9655.0986328125,True,0.7028020185983723,0.5044047660077187,0.731792313508118,True,True,True,True,0.9772727272727273,1,0.06666666666666667,2012-03-01
HAVELLS.NS,Consumer Durables,,149833069.53708455,69.75369810938236,95.18106842041016,True,0.6880772688475487,0.6197017574677153,0.7170675637572944,True,True,True,True,0.9744318181818181,2,0.06666666666666667,2012-03-01
GODREJIND.NS,Diversified,,100263328.61338264,191.02077871351386,244.12164306640625,True,0.5399176734500823,0.30174628196422093,0.568907968359828,True,True,True,True,0.9204545454545455,3,0.06666666666666667,2012-03-01
APOLLOTYRE.NS,Automobile and Auto Components,,142172489.37550676,55.48219205386675,71.72073364257812,True,0.48215173711656023,0.5048457044028267,0.5111420320263059,True,True,True,True,0.9204545454545454,4,0.06666666666666667,2012-03-01
BAJAJFINSV.NS,Financial Services,,61436635.8054818,48.85916530666639,62.29265594482422,True,0.5124623392881307,0.2806263771149222,0.5414526341978764,True,True,True,True,0.9034090909090908,5,0.06666666666666667,2012-03-01
ULTRACEMCO.NS,Construction Materials,,211042705.6962932,1054.5463308976523,1328.54638671875,True,0.4789024969082669,0.32473018705026857,0.5078927918180126,True,True,True,True,0.8948863636363636,6,0.06666666666666667,2012-03-01
JUBLFOOD.NS,Consumer Services,,843545560.4555304,82.0471926358477,101.54387664794922,True,1.0446865615167251,0.14314750973683021,1.073676856426471,True,True,True,True,0.8863636363636364,7,0.06666666666666667,2012-03-01
LICHSGFIN.NS,Financial Services,,498963502.1576424,180.94978025810204,208.88705444335932,True,0.3766376431795473,0.30362937964668824,0.405627938089293,True,True,True,True,0.8607954545454546,8,0.06666666666666667,2012-03-01
INDUSINDBK.NS,Financial Services,,187743067.69588017,245.35653257130377,288.45233154296875,True,0.34388631286355875,0.30266971321025093,0.37287660777330445,True,True,True,True,0.8380681818181819,9,0.06666666666666667,2012-03-01
ACC.NS,Construction Materials,,363755810.3513525,908.5915650027481,1086.3887939453125,True,0.3364800751818162,0.30285843697632275,0.3654703700915619,True,True,True,True,0.8238636363636362,10,0.06666666666666667,2012-03-01
TATACONSUM.NS,Fast Moving Consumer Goods,,261670898.73657072,79.07490482042782,104.56771087646484,True,0.32791637766235593,0.37664479680980856,0.3569066725721016,True,True,True,True,0.8210227272727273,11,0.06666666666666667,2012-03-01
KOTAKBANK.NS,Financial Services,,456692467.3895121,46.519042144468685,54.22539138793945,True,0.34128718593498264,0.27725329362053586,0.37027748084472834,True,True,True,True,0.8153409090909092,12,0.06666666666666667,2012-03-01
HINDUNILVR.NS,Fast Moving Consumer Goods,,768847980.4503474,271.9865760228143,295.57861328125,True,0.3833594576893622,0.20022984685591982,0.4123497525991079,True,True,True,True,0.8096590909090909,13,0.06666666666666667,2012-03-01
BAJAJ-AUTO.NS,Automobile and Auto Components,,665310139.6568904,1054.8289880800487,1241.0634765625,True,0.39405649739670023,0.1883511387049337,0.42304679230644593,True,True,True,True,0.8039772727272727,14,0.06666666666666667,2012-03-01
AMBUJACEM.NS,Construction Materials,,327898161.1559624,117.3065788614091,130.79193115234375,True,0.32664591784885855,0.2255866182031978,0.35563621275860424,True,True,True,True,0.7613636363636362,15,0.06666666666666667,2012-03-01
HAVELLS.NS,Consumer Durables,,184095521.29918987,72.89818075931433,100.35584259033205,True,0.5831798408243518,0.5571584935179565,0.6178329109762363,True,True,True,True,0.9801136363636365,1,0.06666666666666667,2012-04-02
JUBLFOOD.NS,Consumer Services,,904785562.2462306,85.06185076935122,114.73252868652344,True,1.1468466852458432,0.29667589220383195,1.1814997553977276,True,True,True,True,0.9659090909090909,2,0.06666666666666667,2012-04-02
MRF.NS,Automobile and Auto Components,,159398994.39705685,7303.99687056108,9727.0751953125,True,0.5092956574806773,0.48378104985234094,0.5439487276325617,True,True,True,True,0.9488636363636365,3,0.06666666666666667,2012-04-02
ULTRACEMCO.NS,Construction Materials,,253716153.227699,1100.090260207051,1430.7098388671875,True,0.4499595923294395,0.334817111990078,0.48461266248132395,True,True,True,True,0.9147727272727272,4,0.06666666666666667,2012-04-02
HINDUNILVR.NS,Fast Moving Consumer Goods,,752957984.8582212,279.65864701704544,318.784912109375,True,0.5414620239183183,0.22148553831013595,0.5761150940702028,True,True,True,True,0.90625,5,0.06666666666666667,2012-04-02
GODREJIND.NS,Diversified,,119459018.9070916,197.59793599446616,249.2747039794922,True,0.43763166106655205,0.30872287407707666,0.4722847312184365,True,True,True,True,0.9034090909090909,6,0.06666666666666667,2012-04-02
BATAINDIA.NS,Consumer Durables,,323830399.99477047,289.5433724143288,343.6261291503906,True,1.0370839876399374,0.18227984227506266,1.0717370577918217,True,True,True,True,0.9005681818181819,7,0.06666666666666667,2012-04-02
ACC.NS,Construction Materials,,422518189.5470013,940.0539902195786,1145.574951171875,True,0.368620197704735,0.26186874039896724,0.40327326785661943,True,True,True,True,0.8636363636363636,8,0.06666666666666667,2012-04-02
APOLLOHOSP.NS,Healthcare,,116681604.64604029,521.4694102894176,603.727294921875,True,0.34029124447491377,0.24486050538743864,0.3749443146267982,True,True,True,True,0.8267045454545454,9,0.06666666666666667,2012-04-02
COLPAL.NS,Fast Moving Consumer Goods,,70420631.83731395,373.69893484404594,423.8182678222656,True,0.4050877947358569,0.18180222222789544,0.43974086488774133,True,True,True,True,0.8267045454545454,10,0.06666666666666667,2012-04-02
OFSS.NS,Information Technology,,144372469.25653288,1112.5111604941012,1386.9365234375,True,0.30039679909975403,0.3596763568884409,0.3350498692516385,True,True,True,True,0.8181818181818181,11,0.06666666666666667,2012-04-02
GODREJCP.NS,Fast Moving Consumer Goods,,88609388.6889997,124.82046959616922,143.0625762939453,True,0.36369958796290547,0.2056091128280899,0.3983526581147899,True,True,True,True,0.8125,12,0.06666666666666667,2012-04-02
LICHSGFIN.NS,Financial Services,,629150961.9692525,183.98632673783735,211.2534942626953,True,0.303287676984209,0.24751282883737202,0.33794074713609346,True,True,True,True,0.7982954545454545,13,0.06666666666666667,2012-04-02
RAYMOND.NS,Textiles,,177989732.314169,345.32377393317944,404.87890625,True,0.29869194718452996,0.23945710447874413,0.3333450173364144,True,True,True,True,0.7727272727272727,14,0.06666666666666667,2012-04-02
YESBANK.NS,Financial Services,,1142696942.6370273,55.15576890502313,67.58624267578125,True,0.2420524521020877,0.35688013257768536,0.27670552225397216,True,True,True,True,0.7556818181818182,15,0.06666666666666667,2012-04-02
MRF.NS,Automobile and Auto Components,,216257908.58228782,7705.574364247948,11239.55859375,True,0.5825194647160128,0.7516327614286451,0.6956880548673003,True,True,True,True,0.9819277108433736,1,0.06666666666666667,2012-05-02
JUBLFOOD.NS,Consumer Services,,841210951.3668112,88.18818071153429,115.6348648071289,True,0.6992548007768153,0.3986195310181502,0.8124233909281029,True,True,True,True,0.9789156626506024,2,0.06666666666666667,2012-05-02
BATAINDIA.NS,Consumer Durables,,321903326.9463863,301.24062524660667,392.6931762695313,True,1.1314903596291694,0.2551441051749188,1.244658949780457,True,True,True,True,0.9487951807228916,3,0.06666666666666667,2012-05-02
GODREJIND.NS,Diversified,,146767078.54586533,203.84269144077493,256.78765869140625,True,0.46640983404285863,0.361593655359965,0.5795784241941462,True,True,True,True,0.9367469879518073,4,0.06666666666666667,2012-05-02
BAJAJFINSV.NS,Financial Services,,101845606.96404241,51.57447109800397,71.01275634765625,True,0.3659907805223217,0.3740844145567752,0.47915937067360925,True,True,True,True,0.9307228915662651,5,0.06666666666666667,2012-05-02
GODREJCP.NS,Fast Moving Consumer Goods,,92517238.35996777,127.24763261428987,160.62696838378906,True,0.4715850492810527,0.2830755495154269,0.5847536394323403,True,True,True,True,0.9246987951807228,6,0.06666666666666667,2012-05-02
HINDUNILVR.NS,Fast Moving Consumer Goods,,674006755.0617381,286.92320251464844,324.65447998046875,True,0.5017587467432214,0.23576913350546302,0.614927336894509,True,True,True,True,0.9156626506024096,7,0.06666666666666667,2012-05-02
HAVELLS.NS,Consumer Durables,,175330868.68789414,75.81155819363065,97.40885162353516,True,0.349867186726877,0.5433573969188512,0.46303577687816455,True,True,True,True,0.9126506024096386,8,0.06666666666666667,2012-05-02
ULTRACEMCO.NS,Construction Materials,,278575499.9969565,1145.223587190262,1346.0223388671875,True,0.3534382453368301,0.2561377978988604,0.46660683548811765,True,True,True,True,0.8795180722891567,9,0.06666666666666667,2012-05-02
SUNPHARMA.NS,Healthcare,,451627976.185954,234.15228872588187,272.7012939453125,True,0.3585877667325952,0.20595878225083664,0.47175635688388273,True,True,True,True,0.8584337349397589,10,0.06666666666666667,2012-05-02
APOLLOHOSP.NS,Healthcare,,92079699.93051095,533.532073666351,595.7410278320312,True,0.3354910083458089,0.22983103058134358,0.44865959849709647,True,True,True,True,0.8373493975903614,11,0.06666666666666667,2012-05-02
APOLLOTYRE.NS,Automobile and Auto Components,,206322904.3707512,57.50615642046687,75.91985321044922,True,0.24399022031176099,0.6128459856639219,0.35715881046304854,True,True,True,True,0.8162650602409639,12,0.06666666666666667,2012-05-02
TIMKEN.NS,Capital Goods,,52564220.23890117,180.9875084462792,216.2611083984375,True,0.29190808666289647,0.2185045298584114,0.405076676814184,True,True,True,True,0.7951807228915663,13,0.06666666666666667,2012-05-02
ASIANPAINT.NS,Consumer Durables,,273725274.84588104,270.9139363452642,312.6475830078125,True,0.34190182033303906,0.1504438572164586,0.4550704104843266,True,True,True,True,0.7801204819277108,14,0.06666666666666667,2012-05-02
LUPIN.NS,Healthcare,,314783544.5200371,437.7513241238064,511.31060791015625,True,0.32580636227171755,0.15782866517445893,0.4389749524230051,True,True,True,True,0.7710843373493976,15,0.06666666666666667,2012-05-02
MRF.NS,Automobile and Auto Components,,179092235.88605145,8054.745168974905,10689.484375,True,0.6734137586741391,0.5719731760062678,0.773282635129342,True,True,True,True,0.9716981132075471,1,0.06666666666666667,2012-06-01
JUBLFOOD.NS,Consumer Services,,787053981.934213,91.52131059434679,124.63378143310548,True,0.547353363490434,0.6543442184585171,0.6472222399456369,True,True,True,True,0.9622641509433962,2,0.06666666666666667,2012-06-01
BATAINDIA.NS,Consumer Durables,,312516250.94240415,312.90042252974075,395.3111877441406,True,0.9465040206810729,0.4309847177447952,1.0463728971362758,True,True,True,True,0.9575471698113207,3,0.06666666666666667,2012-06-01
GODREJCP.NS,Fast Moving Consumer Goods,,231390902.54496917,131.19915093315973,173.61801147460938,True,0.5210634555916733,0.4544873729130916,0.6209323320468763,True,True,True,True,0.9198113207547169,4,0.06666666666666667,2012-06-01
ASTRAZEN.NS,Healthcare,,63483855.665384926,1564.0900601473722,1809.7718505859373,True,0.4966588369356555,0.4917778726078641,0.5965277133908584,True,True,True,True,0.8962264150943395,5,0.06666666666666667,2012-06-01
GODREJIND.NS,Diversified,,119698337.798364,206.783503445712,249.6599884033203,True,0.49936526505693646,0.37872325759802394,0.5992341415121394,True,True,True,True,0.8915094339622642,6,0.06666666666666667,2012-06-01
BSOFT.NS,Information Technology,,61734509.538687006,40.8236171838009,58.63093948364258,True,0.4487840807984147,0.516645181331362,0.5486529572536176,True,True,True,True,0.8773584905660379,7,0.06666666666666667,2012-06-01
NATCOPHARM.NS,Healthcare,,51670005.14030997,50.39167267385155,70.23075866699219,True,0.41607508333700616,0.8334204537838541,0.5159439597922091,True,True,True,True,0.8726415094339623,8,0.06666666666666667,2012-06-01
HAVELLS.NS,Consumer Durables,,156418291.97751808,79.33642042526091,98.06666564941406,True,0.4628275496244374,0.3511781265836835,0.5626964260796403,True,True,True,True,0.8537735849056604,9,0.06666666666666667,2012-06-01
BAJAJFINSV.NS,Financial Services,,74062000.86251749,53.393554013184826,63.63682556152344,True,0.3560656663067998,0.546462296225094,0.45593454276200274,True,True,True,True,0.7830188679245284,10,0.06666666666666667,2012-06-01
ASIANPAINT.NS,Consumer Durables,,291215702.4867198,276.94358802564216,356.5067138671875,True,0.3576944832590119,0.39668671626999674,0.4575633597142148,True,True,True,True,0.7688679245283019,11,0.06666666666666667,2012-06-01
ULTRACEMCO.NS,Construction Materials,,270450316.4090251,1186.8832215588502,1345.030517578125,True,0.39622335716467494,0.2395318607281729,0.49609223361987786,True,True,True,True,0.7452830188679245,12,0.06666666666666667,2012-06-01
COLPAL.NS,Fast Moving Consumer Goods,,61894936.750947066,390.05808034569327,456.3555908203125,True,0.37464931360195775,0.22195819121691973,0.47451819005716067,True,True,True,True,0.7216981132075472,13,0.06666666666666667,2012-06-01
APOLLOHOSP.NS,Healthcare,,92982761.91734925,546.4030344028665,633.0250244140625,True,0.4198179634560686,0.0982124355157108,0.5196868399112715,True,True,True,True,0.6981132075471699,14,0.06666666666666667,2012-06-01
APOLLOTYRE.NS,Automobile and Auto Components,,202181079.67093906,58.36885623739223,72.72852325439453,True,0.2991467353644901,0.31112793536204997,0.39901561181969303,True,True,True,True,0.6886792452830188,15,0.06666666666666667,2012-06-01
AJANTPHARM.NS,Healthcare,,65571893.51821696,33.493185650218614,55.65118789672852,True,1.4494392454948906,1.3731632888603889,1.4700686240222067,True,True,True,True,1.0,1,0.06666666666666667,2012-07-02
BATAINDIA.NS,Consumer Durables,,356080870.26085305,319.82193748397054,390.0433654785156,True,0.6509091796838418,0.6459261754724319,0.6715385582111579,True,True,True,True,0.9807692307692308,2,0.06666666666666667,2012-07-02
HAVELLS.NS,Consumer Durables,,131534651.35181363,83.29241991524745,102.30297088623048,True,0.49588702479230995,0.5140187010859025,0.5165164033196261,True,True,True,True,0.9358974358974359,3,0.06666666666666667,2012-07-02
JUBLFOOD.NS,Consumer Services,,771834853.3774261,94.3467402602687,114.0594482421875,True,0.45311639034613616,0.5499071662627404,0.4737457688734523,True,True,True,True,0.9294871794871795,4,0.06666666666666667,2012-07-02
MRF.NS,Automobile and Auto Components,,150600725.85545248,8422.593732737532,9825.0048828125,True,0.5366143534108925,0.4412116153221197,0.5572437319382086,True,True,True,True,0.9294871794871795,5,0.06666666666666667,2012-07-02
BSOFT.NS,Information Technology,,68849805.91990535,42.90855282484883,57.31922912597656,True,0.39476364870416747,0.5814269718276432,0.41539302723148364,True,True,True,True,0.8974358974358975,6,0.06666666666666667,2012-07-02
ASTRAZEN.NS,Healthcare,,53939870.83462728,1617.4796352193814,1805.3494873046875,True,0.4284414660959375,0.5033551336803215,0.44907084462325364,True,True,True,True,0.8974358974358974,7,0.06666666666666667,2012-07-02
BAJAJFINSV.NS,Financial Services,,65734077.03896109,54.75110194658992,66.4173583984375,True,0.35493615674475,0.5942922747811556,0.37556553527206615,True,True,True,True,0.8910256410256411,8,0.06666666666666667,2012-07-02
GODREJCP.NS,Fast Moving Consumer Goods,,233274467.9027397,135.77158752595537,171.67518615722656,True,0.41009679692510836,0.49770167876190907,0.43072617545242453,True,True,True,True,0.8846153846153846,9,0.06666666666666667,2012-07-02
ULTRACEMCO.NS,Construction Materials,,250814958.15608317,1225.9224082869712,1432.551513671875,True,0.5924301821147346,0.3000426942249359,0.6130595606420508,True,True,True,True,0.8397435897435898,10,0.06666666666666667,2012-07-02
ASIANPAINT.NS,Consumer Durables,,283022782.384964,282.9036415947808,347.4879150390625,True,0.3195718631398148,0.5120697503823173,0.34020124166713095,True,True,True,True,0.7980769230769231,11,0.06666666666666667,2012-07-02
DIVISLAB.NS,Healthcare,,166136026.79169616,347.2779709016434,450.5277099609375,True,0.3548537902640154,0.31996401388587614,0.3754831687913316,True,True,True,True,0.7788461538461539,12,0.06666666666666667,2012-07-02
KOTAKBANK.NS,Financial Services,,391416114.48630905,51.11562202916001,58.63569641113281,True,0.32494845577652587,0.37568263939250524,0.34557783430384204,True,True,True,True,0.7724358974358974,13,0.06666666666666667,2012-07-02
INDUSINDBK.NS,Financial Services,,148635444.39921162,267.7785129739781,314.3184509277344,True,0.2870514000837867,0.5065307068135656,0.3076807786111029,True,True,True,True,0.7564102564102564,14,0.06666666666666667,2012-07-02
ITC.NS,Fast Moving Consumer Goods,,930929725.0953805,87.39496038417623,106.95364379882812,True,0.35345447067461633,0.3117685671549475,0.3740838492019325,True,True,True,True,0.7564102564102564,15,0.06666666666666667,2012-07-02
AJANTPHARM.NS,Healthcare,,67806311.79331996,37.1409872613772,59.01231002807617,True,1.1087286503588278,1.173368509658562,1.2006789348523665,True,True,True,True,1.0,1,0.06666666666666667,2012-08-01
ULTRACEMCO.NS,Construction Materials,,229946353.25545248,1273.5648779050268,1548.8372802734375,True,0.6430336297393544,0.34974265895604484,0.7349839142328931,True,True,True,True,0.9678571428571429,2,0.06666666666666667,2012-08-01
GODREJCP.NS,Fast Moving Consumer Goods,,228281777.6224144,141.81133355034723,187.72625732421875,True,0.4532805642062967,0.41378031617501976,0.5452308486998354,True,True,True,True,0.9464285714285714,3,0.06666666666666667,2012-08-01
BAJAJFINSV.NS,Financial Services,,61472204.28506896,56.573306921756625,72.42084503173828,True,0.39321989493255227,0.6611948863237633,0.485170179426091,True,True,True,True,0.9214285714285714,4,0.06666666666666667,2012-08-01
HINDUNILVR.NS,Fast Moving Consumer Goods,,768591249.110817,316.54858598805436,366.6546020507813,True,0.4536039330481674,0.2445556237276223,0.5455542175417061,True,True,True,True,0.9107142857142858,5,0.06666666666666667,2012-08-01
BATAINDIA.NS,Consumer Durables,,323643584.91296387,331.5241867219559,400.6465148925781,True,0.43199056886033227,0.30366487103549744,0.523940853353871,True,True,True,True,0.8999999999999999,6,0.06666666666666667,2012-08-01
DIVISLAB.NS,Healthcare,,169635546.23496705,363.6271263662011,487.73150634765625,True,0.34554438523924214,0.41304429705891654,0.43749466973278084,True,True,True,True,0.8892857142857143,7,0.06666666666666667,2012-08-01
HAVELLS.NS,Consumer Durables,,144682180.55778885,87.77522327924015,95.20862579345705,True,0.47068716099360386,0.12851067285422713,0.5626374454871426,True,True,True,True,0.8642857142857143,8,0.06666666666666667,2012-08-01
ITC.NS,Fast Moving Consumer Goods,,889170894.3931566,90.14416087757458,106.64380645751952,True,0.310572608334474,0.29097363195566817,0.4025228928280127,True,True,True,True,0.8428571428571429,9,0.06666666666666667,2012-08-01
AMBUJACEM.NS,Construction Materials,,363395979.2680397,129.64959967256797,147.9590606689453,True,0.4347434885976851,0.14180912425674297,0.5266937730912238,True,True,True,True,0.8392857142857144,10,0.06666666666666667,2012-08-01
LUPIN.NS,Healthcare,,335845803.4157705,462.48939544985996,559.4461669921875,True,0.3027348223404074,0.27242911033192385,0.3946851068339461,True,True,True,True,0.8214285714285715,11,0.06666666666666667,2012-08-01
ZEEL.NS,Media Entertainment & Publication,,272451457.0470011,114.53797488742404,152.00204467773438,True,0.2953504869817134,0.3300480035205877,0.3873007714752521,True,True,True,True,0.8214285714285714,12,0.06666666666666667,2012-08-01
BSOFT.NS,Information Technology,,59188596.53647099,45.46503330962827,58.78180694580078,True,0.2550043031260967,0.6113265628043922,0.3469545876196354,True,True,True,True,0.8107142857142857,13,0.06666666666666667,2012-08-01
ACC.NS,Construction Materials,,414463238.06463826,1022.5590188382852,1115.870361328125,True,0.3635956808677645,0.1242818201435163,0.4555459653613032,True,True,True,True,0.7964285714285714,14,0.06666666666666667,2012-08-01
JUBLFOOD.NS,Consumer Services,,804647600.4356474,98.39872834176728,109.71849822998048,True,0.2971401357390355,0.19185118533931744,0.38909042023257423,True,True,True,True,0.7857142857142856,15,0.06666666666666667,2012-08-01
VGUARD.NS,Consumer Durables,,137063266.0697874,14.712813531509553,27.15735626220703,True,1.0151769405839328,1.1583979958424586,0.9854564149263663,True,True,True,True,1.0,1,0.06666666666666667,2012-09-03
GODREJCP.NS,Fast Moving Consumer Goods,,115191605.75679092,149.3096862176452,207.2631378173828,True,0.6839265080813475,0.5582915095166487,0.6542059824237809,True,True,True,True,0.9507042253521127,2,0.06666666666666667,2012-09-03
DIVISLAB.NS,Healthcare,,185852540.82598674,382.9398845325817,506.9659423828125,True,0.6506716057528166,0.5503956564215726,0.62095108009525,True,True,True,True,0.926056338028169,3,0.06666666666666667,2012-09-03
HINDUNILVR.NS,Fast Moving Consumer Goods,,833635750.6545217,328.32824136753277,404.1163635253906,True,0.6378857284568145,0.36666518393769,0.6081652027992479,True,True,True,True,0.9049295774647887,4,0.06666666666666667,2012-09-03
APOLLOTYRE.NS,Automobile and Auto Components,,206575498.02408347,65.19902814999975,79.27445220947266,True,0.6962160871208662,0.15255713308170948,0.6664955614632997,True,True,True,True,0.8873239436619719,5,0.06666666666666667,2012-09-03
OFSS.NS,Information Technology,,104249441.53999023,1262.8900297530975,1574.6806640625,True,0.7047734853329539,0.10833750971637346,0.6750529596753874,True,True,True,True,0.8767605633802817,6,0.06666666666666667,2012-09-03
BAJAJFINSV.NS,Financial Services,,115502362.87551664,59.734427480986625,77.43952178955078,True,0.607251460914134,0.2522284395420886,0.5775309352565674,True,True,True,True,0.8626760563380282,7,0.06666666666666667,2012-09-03
BALKRISIND.NS,Automobile and Auto Components,,56597821.49502894,104.19221581353082,119.42738342285156,True,0.6738784856548863,0.11546135601616836,0.6441579599973197,True,True,True,True,0.8380281690140845,8,0.06666666666666667,2012-09-03
ULTRACEMCO.NS,Construction Materials,,184485249.89504394,1329.0349558820628,1607.60400390625,True,0.5931574574500464,0.2011224406873895,0.5634369317924799,True,True,True,True,0.8380281690140845,9,0.06666666666666667,2012-09-03
HAVELLS.NS,Consumer Durables,,118972778.08262634,90.95002557773783,96.47701263427734,True,0.6875970885447529,0.03177530151157848,0.6578765628871863,True,True,True,True,0.8169014084507042,10,0.06666666666666667,2012-09-03
IPCALAB.NS,Healthcare,,59985647.239113875,158.98220378220682,211.13458251953125,True,0.4385846827489288,0.2879627390499233,0.40886415709136226,True,True,True,True,0.8169014084507042,11,0.06666666666666667,2012-09-03
UBL.NS,Fast Moving Consumer Goods,,140082030.80667573,471.1389001403192,602.8856811523438,True,0.4375316671463203,0.335222233592001,0.40781114148875375,True,True,True,True,0.8133802816901408,12,0.06666666666666667,2012-09-03
SUNPHARMA.NS,Healthcare,,418530772.6136892,259.78547814879755,304.1229553222656,True,0.4394694525343825,0.22211561184321948,0.40974892687681597,True,True,True,True,0.8028169014084507,13,0.06666666666666667,2012-09-03
HCLTECH.NS,Information Technology,,405357544.96251273,82.19555116903902,94.99195861816406,True,0.48938601335912857,0.13394837117461167,0.459665487701562,True,True,True,True,0.7816901408450705,14,0.06666666666666667,2012-09-03
ZEEL.NS,Media Entertainment & Publication,,290539976.67817295,119.47679481121024,147.53407287597656,True,0.4172771528023558,0.2700984843285157,0.3875566271447892,True,True,True,True,0.7746478873239436,15,0.06666666666666667,2012-09-03
VGUARD.NS,Consumer Durables,,155895804.68016788,16.19270345039174,26.56034278869629,True,0.9084946242822298,1.2098357611963508,0.8232528420659238,True,True,True,True,0.9923469387755103,1,0.06666666666666667,2012-10-01
ARE&M.NS,Automobile and Auto Components,,59188990.72298496,127.3897234921528,192.4502868652344,True,1.1753044970828754,0.5371048747701186,1.0900627148665694,True,True,True,True,0.9897959183673469,2,0.06666666666666667,2012-10-01
IPCALAB.NS,Healthcare,,81231026.18561256,167.87463220121896,231.70974731445312,True,0.8007866841685651,0.4337064665695902,0.7155449019522591,True,True,True,True,0.9668367346938775,3,0.06666666666666667,2012-10-01
ZEEL.NS,Media Entertainment & Publication,,319957167.6538443,124.27582445483522,176.32778930664062,True,0.7494439228612668,0.5435064019592528,0.6642021406449607,True,True,True,True,0.961734693877551,4,0.06666666666666667,2012-10-01
BAJAJFINSV.NS,Financial Services,,146512331.56040242,63.16487346203799,86.4842300415039,True,0.6949402144142558,0.4708503160035271,0.6096984321979497,True,True,True,True,0.9387755102040817,5,0.06666666666666667,2012-10-01
ULTRACEMCO.NS,Construction Materials,,210465850.91216317,1388.3057018609215,1867.59765625,True,0.7379046150340489,0.3223021638694772,0.6526628328177428,True,True,True,True,0.9234693877551021,6,0.06666666666666667,2012-10-01
GODREJCP.NS,Fast Moving Consumer Goods,,126153005.65072554,157.48016907357928,200.27249145507807,True,0.6805842542947695,0.4064848685400566,0.5953424720784635,True,True,True,True,0.9107142857142857,7,0.06666666666666667,2012-10-01
HINDUNILVR.NS,Fast Moving Consumer Goods,,945286821.2303565,339.6020716943112,428.2409057617188,True,0.690278464280266,0.3489461038632704,0.6050366820639599,True,True,True,True,0.9081632653061225,8,0.06666666666666667,2012-10-01
UNITDSPR.NS,Fast Moving Consumer Goods,,3742829870.162827,138.99523821215945,237.92100524902344,True,0.6140118845103668,1.049560608201586,0.5287701022940607,True,True,True,True,0.8979591836734694,9,0.06666666666666667,2012-10-01
TATACONSUM.NS,Fast Moving Consumer Goods,,214389036.66976917,95.70310075634022,120.9507293701172,True,0.6749761536579255,0.34090860263711487,0.5897343714416194,True,True,True,True,0.8877551020408163,10,0.06666666666666667,2012-10-01
TECHM.NS,Information Technology,,374428593.55231076,122.39681836433218,171.07972717285156,True,0.618380242849107,0.37732799709298637,0.5331384606328009,True,True,True,True,0.8826530612244897,11,0.06666666666666667,2012-10-01
MASTEK.NS,Information Technology,,65900117.849898644,83.54116312017295,111.79479217529295,True,0.5361114692849347,0.5498880461130067,0.4508696870686286,True,True,True,True,0.8571428571428572,12,0.06666666666666667,2012-10-01
UBL.NS,Fast Moving Consumer Goods,,282873043.105386,492.7481119378569,631.7955932617188,True,0.6918071556637155,0.19243490435605204,0.6065653734474095,True,True,True,True,0.8520408163265307,13,0.06666666666666667,2012-10-01
HAVELLS.NS,Consumer Durables,,123401747.90939201,94.07193500499434,110.78401184082033,True,0.7594316769461968,0.13038837915680435,0.6741898947298908,True,True,True,True,0.8392857142857142,14,0.06666666666666667,2012-10-01
BATAINDIA.NS,Consumer Durables,,231430891.64875406,355.402813906597,440.0200500488281,True,0.5377040218448041,0.28865147278263925,0.4524622396284981,True,True,True,True,0.826530612244898,15,0.06666666666666667,2012-10-01
ARE&M.NS,Automobile and Auto Components,,71332228.38132128,138.2208006887725,198.55357360839844,True,1.208564300740632,0.5607138207309013,1.1120727433051267,True,True,True,True,0.9886363636363636,1,0.06666666666666667,2012-11-01
SHREECEM.NS,Construction Materials,,64705129.508052506,2826.0590672348485,4006.688232421875,True,1.2727295703168249,0.4966762657991486,1.1762380128813197,True,True,True,True,0.9886363636363636,2,0.06666666666666667,2012-11-01
VGUARD.NS,Consumer Durables,,152148976.8435087,17.88332627999662,29.417951583862305,True,1.1073087307476484,1.3288690387435942,1.0108171733121432,True,True,True,True,0.9829545454545454,3,0.06666666666666667,2012-11-01
UBL.NS,Fast Moving Consumer Goods,,405342333.87730175,520.5926817306364,745.8193969726562,True,0.8453807320402409,0.4401872602144292,0.7488891746047357,True,True,True,True,0.9517045454545455,4,0.06666666666666667,2012-11-01
ULTRACEMCO.NS,Construction Materials,,252886186.17024878,1470.3698564009233,1894.5032958984373,True,0.7679923501305335,0.4074828041062464,0.6715007926950283,True,True,True,True,0.9375,5,0.06666666666666667,2012-11-01
IPCALAB.NS,Healthcare,,88907123.41594528,176.5634721698183,219.67564392089844,True,0.94415130245454,0.2742571461016883,0.8476597450190348,True,True,True,True,0.9147727272727273,6,0.06666666666666667,2012-11-01
TECHM.NS,Information Technology,,483174873.3413045,128.89180162217883,166.92613220214844,True,0.7005890759670859,0.3590173388000433,0.6040975185315807,True,True,True,True,0.9090909090909091,7,0.06666666666666667,2012-11-01
ZEEL.NS,Media Entertainment & Publication,,354011792.5430257,131.07522833467735,170.86692810058594,True,0.6825846742212123,0.5140598266676726,0.5860931167857071,True,True,True,True,0.9090909090909091,8,0.06666666666666667,2012-11-01
DIVISLAB.NS,Healthcare,,262216324.87246653,416.00387295809657,533.2938232421875,True,0.6874977125799075,0.4172850824646315,0.5910061551444024,True,True,True,True,0.90625,9,0.06666666666666667,2012-11-01
GODREJCP.NS,Fast Moving Consumer Goods,,129599865.71094733,166.66891518024482,215.9751739501953,True,0.725192648445725,0.3445760455004152,0.6287010910102198,True,True,True,True,0.90625,10,0.06666666666666667,2012-11-01
TATACONSUM.NS,Fast Moving Consumer Goods,,325123488.94655854,101.32967989372484,127.13162994384766,True,0.7575311362906925,0.30574492136645537,0.6610395788551873,True,True,True,True,0.9005681818181818,11,0.06666666666666667,2012-11-01
HINDUNILVR.NS,Fast Moving Consumer Goods,,848472118.6497875,352.50339192091815,428.8292541503906,True,0.632301380394021,0.3208789054017953,0.5358098229585158,True,True,True,True,0.8636363636363636,12,0.06666666666666667,2012-11-01
J&KBANK.NS,Financial Services,,56938281.059699625,77.69448900704433,106.39283752441406,True,0.5792493099267493,0.3463304007820136,0.4827577524912441,True,True,True,True,0.8494318181818181,13,0.06666666666666667,2012-11-01
BAJAJFINSV.NS,Financial Services,,174849883.1590981,67.65837368820652,84.30133056640625,True,0.6312160013983272,0.18712939621289015,0.534724443962822,True,True,True,True,0.7982954545454546,14,0.06666666666666667,2012-11-01
APOLLOHOSP.NS,Healthcare,,121014529.35016903,607.1702005405618,741.9225463867188,True,0.5316040480790498,0.24537762505070115,0.4351124906435446,True,True,True,True,0.7784090909090909,15,0.06666666666666667,2012-11-01
VGUARD.NS,Consumer Durables,,103218915.60250078,19.80328333979905,35.27068328857422,True,1.9922589925962129,1.791467996685018,1.7621243983926682,True,True,True,True,0.9975247524752475,1,0.06666666666666667,2012-12-03
UNITDSPR.NS,Fast Moving Consumer Goods,,6365855642.628616,171.08682335747613,390.5418090820313,True,1.7794125025058052,2.1054129474407923,1.5492779083022605,True,True,True,True,0.9925742574257426,2,0.06666666666666667,2012-12-03
PVRINOX.NS,Media Entertainment & Publication,,51085868.706329346,165.531357273911,288.5443115234375,True,1.311572549944561,0.9048056503003814,1.0814379557410163,True,True,True,True,0.9727722772277227,3,0.06666666666666667,2012-12-03
ARE&M.NS,Automobile and Auto Components,,75150385.70207474,150.4474500405668,219.49786376953125,True,1.3756391904997631,0.6345222631177545,1.1455045962962185,True,True,True,True,0.9628712871287128,4,0.06666666666666667,2012-12-03
SHREECEM.NS,Construction Materials,,66359077.389168434,3014.314310093119,4168.6416015625,True,1.172469852335464,0.7014697520691464,0.9423352581319193,True,True,True,True,0.9579207920792079,5,0.06666666666666667,2012-12-03
UBL.NS,Fast Moving Consumer Goods,,620916711.3473272,551.4811632560961,772.0172119140625,True,1.0362693570658998,0.6606147701110794,0.8061347628623552,True,True,True,True,0.9282178217821783,6,0.06666666666666667,2012-12-03
AUROPHARMA.NS,Healthcare,,333103808.109918,57.59122151076192,87.25592041015625,True,1.0471734900812808,0.6249494814374785,0.8170388958777361,True,True,True,True,0.9282178217821782,7,0.06666666666666667,2012-12-03
TATACONSUM.NS,Fast Moving Consumer Goods,,441522632.59051305,106.51925824868559,140.50942993164062,True,1.068714864729313,0.5184851931044372,0.8385802705257683,True,True,True,True,0.9282178217821782,8,0.06666666666666667,2012-12-03
J&KBANK.NS,Financial Services,,92062818.39568704,82.39983229203658,119.50350952148438,True,0.9004695979492217,0.5386417690000633,0.670335003745677,True,True,True,True,0.8935643564356436,9,0.06666666666666667,2012-12-03
MOTHERSON.NS,Automobile and Auto Components,,63829112.53821791,5.630596122356376,7.979451656341553,True,0.8183204379931646,0.6636405743583911,0.5881858437896199,True,True,True,True,0.8935643564356436,10,0.06666666666666667,2012-12-03
BAJAJFINSV.NS,Financial Services,,127307507.31550366,71.41940825876563,87.33562469482422,True,0.9856292697472,0.33643323989288687,0.7554946755436553,True,True,True,True,0.8613861386138614,11,0.06666666666666667,2012-12-03
IPCALAB.NS,Healthcare,,105607482.84704797,183.48854866413154,219.84385681152344,True,0.8622842663936083,0.37468812898381265,0.6321496721900637,True,True,True,True,0.8589108910891089,12,0.06666666666666667,2012-12-03
ULTRACEMCO.NS,Construction Materials,,376093410.46275616,1536.3338894314236,1842.4949951171875,True,0.7439015457166283,0.4071613296588965,0.5137669515130836,True,True,True,True,0.8564356435643564,13,0.06666666666666667,2012-12-03
ZEEL.NS,Media Entertainment & Publication,,393911545.3180009,137.26747231531624,176.19239807128906,True,0.6682380666665608,0.5643454083527257,0.4381034724630162,True,True,True,True,0.8514851485148515,14,0.06666666666666667,2012-12-03
LTF.NS,Financial Services,,383987653.4239236,39.06941743330522,60.471168518066406,True,0.6468647955006908,0.7821429037180005,0.4167302012971461,True,True,True,True,0.8440594059405941,15,0.06666666666666667,2012-12-03
VGUARD.NS,Consumer Durables,,99172335.37663314,21.997548007485854,33.82846450805664,True,2.3368166747347185,1.1507676419898787,2.0339931046481112,True,True,True,True,0.9978813559322034,1,0.06666666666666667,2013-01-01
UNITDSPR.NS,Fast Moving Consumer Goods,,5914110562.965293,197.0800834157359,371.4764404296875,True,2.2065360699548098,1.889922164069168,1.9037124998682027,True,True,True,True,0.9936440677966102,2,0.06666666666666667,2013-01-01
PRESTIGE.NS,Realty,,55161524.5747771,117.91428532432671,167.7970428466797,True,1.6798690886608796,0.5879832949613621,1.3770455185742725,True,True,True,True,0.9639830508474576,3,0.06666666666666667,2013-01-01
UBL.NS,Fast Moving Consumer Goods,,763530796.7690318,597.4743775027481,897.0617065429688,True,1.338576362706846,0.867898684689371,1.035752792620239,True,True,True,True,0.9639830508474576,4,0.06666666666666667,2013-01-01
MOTHERSON.NS,Automobile and Auto Components,,77209989.00204715,5.988448238852036,9.075882911682127,True,1.2332343796547698,0.8864637312632238,0.9304108095681627,True,True,True,True,0.9597457627118644,5,0.06666666666666667,2013-01-01
ARE&M.NS,Automobile and Auto Components,,62301002.08480225,160.30535064390557,208.7403106689453,True,1.420541293348884,0.5846076504783069,1.1177177232622768,True,True,True,True,0.9555084745762712,6,0.06666666666666667,2013-01-01
SHREECEM.NS,Construction Materials,,78559308.1162557,3180.611222616991,4406.7783203125,True,1.2234375535067543,0.6080467532004739,0.9206139834201472,True,True,True,True,0.940677966101695,7,0.06666666666666667,2013-01-01
PVRINOX.NS,Media Entertainment & Publication,,105648343.55150197,180.4441009214775,270.8182373046875,True,1.0965522259724807,0.908137865341704,0.7937286558858736,True,True,True,True,0.9300847457627119,8,0.06666666666666667,2013-01-01
AUROPHARMA.NS,Healthcare,,372844960.4295301,61.230846980109284,87.90569305419922,True,1.1289851461296854,0.7679228710135435,0.8261615760430783,True,True,True,True,0.9279661016949152,9,0.06666666666666667,2013-01-01
LTF.NS,Financial Services,,429013761.45863646,42.220790958883775,71.98371887207031,True,1.0435783462849524,1.0482761031162071,0.7407547761983453,True,True,True,True,0.9258474576271187,10,0.06666666666666667,2013-01-01
BAJFINANCE.NS,Financial Services,,75291911.85131373,9.574892875537202,12.443498611450195,True,1.1633371748951862,0.5694727807437714,0.8605136048085791,True,True,True,True,0.9216101694915253,11,0.06666666666666667,2013-01-01
BAJAJFINSV.NS,Financial Services,,144598270.47771835,74.86721600479817,89.44920349121094,True,1.1799075216688566,0.44212980303058824,0.8770839515822495,True,True,True,True,0.9067796610169492,12,0.06666666666666667,2013-01-01
SPARC.NS,Healthcare,,65089591.63946851,84.04979146066023,134.2366485595703,True,0.9641090902190088,0.8603850472744499,0.6612855201324017,True,True,True,True,0.9046610169491525,13,0.06666666666666667,2013-01-01
ZEEL.NS,Media Entertainment & Publication,,487617011.388766,144.74967845360837,199.2093505859375,True,0.895792423007026,0.6417171768551471,0.5929688529204189,True,True,True,True,0.8792372881355932,14,0.06666666666666667,2013-01-01
EICHERMOT.NS,Automobile and Auto Components,,55405281.83824412,201.8083335838126,265.193115234375,True,0.9715774778840269,0.44971168333739153,0.6687539077974198,True,True,True,True,0.8771186440677967,15,0.06666666666666667,2013-01-01
ARE&M.NS,Automobile and Auto Components,,99057538.09241892,174.64841645207238,270.739013671875,True,2.080604614912096,1.1375935610831434,1.867433937618779,True,True,True,True,0.9910714285714286,1,0.06666666666666667,2013-02-01
UNITDSPR.NS,Fast Moving Consumer Goods,,4973815875.353322,225.3050420943217,353.0176086425781,True,1.775388786777,1.4270923259447441,1.562218109483683,True,True,True,True,0.9866071428571429,2,0.06666666666666667,2013-02-01
AJANTPHARM.NS,Healthcare,,70759415.02674218,58.84507667119779,97.78638458251952,True,2.6019020836111375,0.7210501272922865,2.38873140631782,True,True,True,True,0.9866071428571428,3,0.06666666666666667,2013-02-01
VGUARD.NS,Consumer Durables,,77143659.09046987,24.474438384549703,32.513694763183594,True,1.7036683935062626,0.6369464569528698,1.4904977162129456,True,True,True,True,0.9575892857142857,4,0.06666666666666667,2013-02-01
PRESTIGE.NS,Realty,,51093013.37239151,125.94066263323454,168.77914428710938,True,1.2882635136484013,0.6680896536867076,1.0750928363550842,True,True,True,True,0.9553571428571429,5,0.06666666666666667,2013-02-01
MOTHERSON.NS,Automobile and Auto Components,,83854509.57958986,6.4153734164022325,9.041549682617188,True,0.9872372058433134,0.8943522808150504,0.7740665285499964,True,True,True,True,0.9486607142857143,6,0.06666666666666667,2013-02-01
RAMCOCEM.NS,Construction Materials,,69871440.11589152,171.762545638348,228.0819091796875,True,1.112206001602004,0.5598052212590328,0.8990353243086868,True,True,True,True,0.9375,7,0.06666666666666667,2013-02-01
SHREECEM.NS,Construction Materials,,58114906.93564046,3346.9305156151854,4239.60888671875,True,1.046676241546256,0.4924666925761174,0.833505564252939,True,True,True,True,0.9196428571428572,8,0.06666666666666667,2013-02-01
PVRINOX.NS,Media Entertainment & Publication,,117804618.2970164,195.61638967236084,255.2172698974609,True,0.8582605614782695,0.6560755275486516,0.6450898841849524,True,True,True,True,0.9129464285714285,9,0.06666666666666667,2013-02-01
ZEEL.NS,Media Entertainment & Publication,,540779151.7746073,155.0706276438344,207.69403076171875,True,0.8602708164688624,0.4394744748666881,0.6471001391755453,True,True,True,True,0.8883928571428571,10,0.06666666666666667,2013-02-01
J&KBANK.NS,Financial Services,,95660962.25352605,91.83949605663817,119.03870391845705,True,0.8266090960740291,0.5088377784615827,0.613438418780712,True,True,True,True,0.8839285714285714,11,0.06666666666666667,2013-02-01
AUROPHARMA.NS,Healthcare,,375041808.4868525,65.40515660041541,86.97743225097656,True,0.7175071805691877,0.8269235145347096,0.5043365032758707,True,True,True,True,0.875,12,0.06666666666666667,2013-02-01
SUNTV.NS,Media Entertainment & Publication,,321230925.2214475,229.29034830217984,331.2098388671875,True,0.7324044112201089,0.6328753504230509,0.5192337339267918,True,True,True,True,0.8683035714285714,13,0.06666666666666667,2013-02-01
LTF.NS,Financial Services,,414107334.0077942,46.026639967108494,66.36882019042969,True,0.6955622514500033,0.8439953153401409,0.4823915741566862,True,True,True,True,0.8660714285714286,14,0.06666666666666667,2013-02-01
EICHERMOT.NS,Automobile and Auto Components,,55802269.06471761,210.35787335113065,257.32379150390625,True,0.7410294865678588,0.4448142827120025,0.5278588092745418,True,True,True,True,0.8526785714285714,15,0.06666666666666667,2013-02-01
UNITDSPR.NS,Fast Moving Consumer Goods,,2826339396.8824515,247.9420678986976,360.00201416015625,True,2.128832176199524,0.9801163289677728,2.097352147236804,True,True,True,True,1.0,1,0.06666666666666667,2013-03-01
ARE&M.NS,Automobile and Auto Components,,69742314.66760153,187.00782856390106,239.0808868408203,True,1.0421759429602733,0.4464066106864788,1.0106959139975533,True,True,True,True,0.9506578947368421,2,0.06666666666666667,2013-03-01
PVRINOX.NS,Media Entertainment & Publication,,51583039.75565745,206.99328720629515,256.4731140136719,True,0.9112812431169255,0.46808520301809464,0.8798012141542055,True,True,True,True,0.9473684210526316,3,0.06666666666666667,2013-03-01
AJANTPHARM.NS,Healthcare,,87042126.71358381,63.844566211029516,93.74668884277344,True,1.8727378698929686,0.37829622749869873,1.8412578409302487,True,True,True,True,0.9407894736842105,4,0.06666666666666667,2013-03-01
MOTHERSON.NS,Automobile and Auto Components,,89887925.0827506,6.7915797521121535,9.014081001281738,True,0.7334798815204491,0.6260838538739351,0.7019998525577291,True,True,True,True,0.924342105263158,5,0.06666666666666667,2013-03-01
PRESTIGE.NS,Realty,,60148227.329964444,132.43901610254642,160.64181518554688,True,0.7571135050592559,0.5661919959511583,0.725633476096536,True,True,True,True,0.9243421052631579,6,0.06666666666666667,2013-03-01
BERGEPAINT.NS,Consumer Durables,,59565891.84354305,40.70955159556326,52.376914978027344,True,0.8985446646229749,0.40540544413545976,0.8670646356602549,True,True,True,True,0.9210526315789472,7,0.06666666666666667,2013-03-01
RAMCOCEM.NS,Construction Materials,,83138293.59740677,180.85287084531544,231.0699005126953,True,0.8045290907892781,0.3224759475152461,0.7730490618265582,True,True,True,True,0.8947368421052632,8,0.06666666666666667,2013-03-01
LTF.NS,Financial Services,,101377717.50760359,48.931418605785275,63.460391998291016,True,0.6279793546235435,0.8099078757146823,0.5964993256608235,True,True,True,True,0.888157894736842,9,0.06666666666666667,2013-03-01
ZEEL.NS,Media Entertainment & Publication,,579447192.8945155,164.3410372710108,196.7722625732422,True,0.6714816111212394,0.3007161789426607,0.6400015821585194,True,True,True,True,0.8453947368421053,10,0.06666666666666667,2013-03-01
TECHM.NS,Information Technology,,395120324.8455495,150.6646456694483,184.98361206054688,True,0.7267496159601066,0.20106280870949123,0.6952695869973866,True,True,True,True,0.8125,11,0.06666666666666667,2013-03-01
BAJFINANCE.NS,Financial Services,,83045703.64092217,10.59004070291567,12.135964393615724,True,0.6714035759066663,0.21562325872729593,0.6399235469439464,True,True,True,True,0.805921052631579,12,0.06666666666666667,2013-03-01
PIDILITIND.NS,Chemicals,,57300457.52648442,91.6337725001963,112.06676483154295,True,0.6255149862107803,0.26514572226527733,0.5940349572480603,True,True,True,True,0.8026315789473684,13,0.06666666666666667,2013-03-01
AUROPHARMA.NS,Healthcare,,345230564.33590263,68.14197839324798,75.08482360839844,True,0.49214742083286556,0.45678878392367706,0.4606673918701456,True,True,True,True,0.7960526315789473,14,0.06666666666666667,2013-03-01
J&KBANK.NS,Financial Services,,72947146.28221385,95.72139601971037,109.67267608642578,True,0.5677483517667603,0.34458898745974653,0.5362683228040404,True,True,True,True,0.7894736842105263,15,0.06666666666666667,2013-03-01
UNITDSPR.NS,Fast Moving Consumer Goods,,2580269928.4106116,271.8298933709686,371.5546875,True,2.4857803564856362,0.911190296416412,2.4465731820152703,True,True,True,True,1.0,1,0.06666666666666667,2013-04-01
AJANTPHARM.NS,Healthcare,,94976589.23020211,69.03456313166787,102.36579132080078,True,1.7287884334565806,0.5118976695957809,1.6895812589862147,True,True,True,True,0.9780701754385964,2,0.06666666666666667,2013-04-01
ARE&M.NS,Automobile and Auto Components,,73041062.26937002,197.9651244273737,241.10076904296875,True,0.9572013402451336,0.37292169032725364,0.9179941657747677,True,True,True,True,0.9517543859649122,3,0.06666666666666667,2013-04-01
BERGEPAINT.NS,Consumer Durables,,73535895.52515277,42.31698815427234,53.880897521972656,True,0.874233439198246,0.3488775408761,0.8350262647278801,True,True,True,True,0.9342105263157894,4,0.06666666666666667,2013-04-01
RAMCOCEM.NS,Construction Materials,,99337653.20348129,191.11279289207266,241.4305419921875,True,0.7347552374945194,0.4041085174527288,0.6955480630241535,True,True,True,True,0.9298245614035088,5,0.06666666666666667,2013-04-01
HCLTECH.NS,Information Technology,,872176324.8655294,106.49118402375647,140.0453338623047,True,0.6892872846957345,0.40844320637589115,0.6500801102253686,True,True,True,True,0.9078947368421053,6,0.06666666666666667,2013-04-01
PIDILITIND.NS,Chemicals,,60631991.84889272,95.53938822530621,122.56721496582033,True,0.6996642912467841,0.29282056238406273,0.6604571167764182,True,True,True,True,0.8903508771929824,7,0.06666666666666667,2013-04-01
MOTHERSON.NS,Automobile and Auto Components,,97651886.40537731,7.204063549712675,8.88818645477295,True,0.6817387777035346,0.32375014336577745,0.6425316032331687,True,True,True,True,0.8640350877192983,8,0.06666666666666667,2013-04-01
ZEEL.NS,Media Entertainment & Publication,,569016765.3035514,171.98429053991885,189.9574432373047,True,0.6865600182731371,0.18363337161181703,0.6473528438027711,True,True,True,True,0.8245614035087719,9,0.06666666666666667,2013-04-01
LTF.NS,Financial Services,,75767891.37628923,51.70648745436165,59.62286758422852,True,0.5520504885354662,0.5735606823692747,0.5128433140651003,True,True,True,True,0.8245614035087718,10,0.06666666666666667,2013-04-01
ASIANPAINT.NS,Consumer Durables,,375976234.0492757,367.20978549976445,440.4884338378906,True,0.6178758840413885,0.24899125736189598,0.5786687095710226,True,True,True,True,0.8201754385964912,11,0.06666666666666667,2013-04-01
IPCALAB.NS,Healthcare,,58074202.83916321,214.7781807597558,254.4219970703125,True,0.5650016603821189,0.24684331514144642,0.5257944859117529,True,True,True,True,0.8026315789473684,12,0.06666666666666667,2013-04-01
GODREJCP.NS,Fast Moving Consumer Goods,,131762923.89172897,204.20086700592807,233.5670318603516,True,0.6241646963727885,0.18215071659017767,0.5849575219024226,True,True,True,True,0.7894736842105263,13,0.06666666666666667,2013-04-01
SUNPHARMA.NS,Healthcare,,651644436.4683349,319.481087996133,372.6234130859375,True,0.45726856936348925,0.22322643985613966,0.41806139489312333,True,True,True,True,0.7324561403508771,14,0.06666666666666667,2013-04-01
J&KBANK.NS,Financial Services,,60573321.975065865,98.99491322579695,103.5387191772461,True,0.4031772891487597,0.3115782136767442,0.3639701146783938,True,True,True,True,0.7280701754385965,15,0.06666666666666667,2013-04-01
UNITDSPR.NS,Fast Moving Consumer Goods,,3014969227.832334,297.168286117477,432.5560607910156,True,2.1877549611330633,0.7115927041262506,2.0894668561775633,True,True,True,True,0.9965277777777778,1,0.06666666666666667,2013-05-02
AJANTPHARM.NS,Healthcare,,92716342.84369367,75.13137903644811,123.4611587524414,True,1.8294737839669981,1.021572028469631,1.731185679011498,True,True,True,True,0.9895833333333334,2,0.06666666666666667,2013-05-02
LTF.NS,Financial Services,,87474981.2455508,54.27166496928613,62.65248489379883,True,0.7485904202341118,0.43478279480842597,0.6503023152786116,True,True,True,True,0.9479166666666667,3,0.06666666666666667,2013-05-02
M&MFIN.NS,Financial Services,,204132815.9183501,96.67236247613802,117.37140655517578,True,0.7486837788862197,0.2769117439553781,0.6503956739307195,True,True,True,True,0.9305555555555556,4,0.06666666666666667,2013-05-02
ZEEL.NS,Media Entertainment & Publication,,539670707.8010333,178.77146336541105,211.12399291992188,True,0.9039441463635645,0.23723867709152002,0.8056560414080642,True,True,True,True,0.9305555555555556,5,0.06666666666666667,2013-05-02
RAMCOCEM.NS,Construction Materials,,70541104.83616588,199.50117868394707,236.2501983642578,True,0.6669948353272701,0.3524889357726231,0.5687067303717699,True,True,True,True,0.9166666666666666,6,0.06666666666666667,2013-05-02
BERGEPAINT.NS,Consumer Durables,,61676717.698680244,43.7705512693779,53.06681442260742,True,0.6465479671721266,0.3681963171310021,0.5482598622166264,True,True,True,True,0.9131944444444444,7,0.06666666666666667,2013-05-02
MOTHERSON.NS,Automobile and Auto Components,,92530570.1749794,7.570168245976894,8.917940139770508,True,0.6963186383502398,0.26534550452082706,0.5980305333947395,True,True,True,True,0.90625,8,0.06666666666666667,2013-05-02
SUNPHARMA.NS,Healthcare,,736566866.5132691,332.7152495264408,432.7291259765625,True,0.6066714913263203,0.3603921474945222,0.50838338637082,True,True,True,True,0.8888888888888888,9,0.06666666666666667,2013-05-02
IDEA.NS,Telecommunication,,402915853.48570466,57.43916062014786,78.80635070800781,True,0.59172671806507,0.6318378580381037,0.4934386131095698,True,True,True,True,0.8784722222222222,10,0.06666666666666667,2013-05-02
GODREJCP.NS,Fast Moving Consumer Goods,,146188546.7712799,211.6036446729497,247.8871917724609,True,0.6011640162829419,0.1869159772990523,0.5028759113274417,True,True,True,True,0.8055555555555556,11,0.06666666666666667,2013-05-02
GLENMARK.NS,Healthcare,,237969774.9946574,434.1618052727014,465.2080078125,True,0.5139290198291371,0.21169171362018258,0.41564091487363686,True,True,True,True,0.7986111111111112,12,0.06666666666666667,2013-05-02
J&KBANK.NS,Financial Services,,53604431.015135445,101.67948557024626,118.39575958251952,True,0.5538620484076895,0.2029486968301062,0.45557394345218927,True,True,True,True,0.7986111111111112,13,0.06666666666666667,2013-05-02
AUROPHARMA.NS,Healthcare,,362201651.26455766,73.41079330444336,89.0844497680664,True,0.5121243760847796,0.19217223264950278,0.41383627112927934,True,True,True,True,0.7708333333333333,14,0.06666666666666667,2013-05-02
PIDILITIND.NS,Chemicals,,55477740.18139598,99.81382433253916,115.78372192382812,True,0.4528585530179787,0.2528906630279788,0.3545704480624785,True,True,True,True,0.7673611111111112,15,0.06666666666666667,2013-05-02
AJANTPHARM.NS,Healthcare,,130500696.76974386,84.99724542435689,151.9296417236328,True,2.0918805484011282,1.612665319250406,1.8755403840944231,True,True,True,True,0.9886363636363636,1,0.06666666666666667,2013-06-03
SPARC.NS,Healthcare,,92982203.92943357,110.39747044548916,160.50791931152344,True,1.1587085977024705,0.4578259988017579,0.9423684333957654,True,True,True,True,0.9583333333333334,2,0.06666666666666667,2013-06-03
SUNPHARMA.NS,Healthcare,,887460174.8410391,350.7712271992286,475.0669250488281,True,0.8466422638204931,0.49167766715958083,0.630302099513788,True,True,True,True,0.9090909090909091,3,0.06666666666666667,2013-06-03
M&MFIN.NS,Financial Services,,249151063.3487812,102.95123958108414,129.97177124023438,True,1.0507189908181065,0.27174631812537453,0.8343788265114014,True,True,True,True,0.8977272727272728,4,0.06666666666666667,2013-06-03
UNITDSPR.NS,Fast Moving Consumer Goods,,3244436106.072828,331.7646999646671,472.379150390625,True,2.871161603950661,0.16448435998919697,2.654821439643956,True,True,True,True,0.8901515151515151,5,0.06666666666666667,2013-06-03
MOTHERSON.NS,Automobile and Auto Components,,91307719.80796136,8.090678207838355,9.826674461364746,True,1.024607472527645,0.2329120511054703,0.80826730822094,True,True,True,True,0.8787878787878789,6,0.06666666666666667,2013-06-03
IPCALAB.NS,Healthcare,,75922665.17787577,232.5319124154709,285.73211669921875,True,0.7625091792745018,0.3147943307606744,0.5461690149677967,True,True,True,True,0.8333333333333334,7,0.06666666666666667,2013-06-03
INDUSINDBK.NS,Financial Services,,726967468.4223384,376.2618173570489,480.9341735839844,True,0.7094452532274091,0.3126108921563939,0.49310508892070404,True,True,True,True,0.8181818181818182,8,0.06666666666666667,2013-06-03
SHREECEM.NS,Construction Materials,,69347500.96531576,3977.510581471812,4711.44384765625,True,0.9450429212017735,0.13591168246957963,0.7287027568950684,True,True,True,True,0.8106060606060607,9,0.06666666666666667,2013-06-03
EICHERMOT.NS,Automobile and Auto Components,,68363356.16092174,242.12019953895455,340.1881103515625,True,0.679724470123116,0.4271487422507907,0.4633843058164109,True,True,True,True,0.8068181818181819,10,0.06666666666666667,2013-06-03
BERGEPAINT.NS,Consumer Durables,,62460386.49584191,46.6909254064512,62.04927062988281,True,0.6644174406343388,0.5701818961098382,0.4480772763276337,True,True,True,True,0.7916666666666667,11,0.06666666666666667,2013-06-03
IDEA.NS,Telecommunication,,424938855.27975947,60.67228721733668,77.7971420288086,True,0.6909675096137557,0.30919068169918806,0.47462734530705064,True,True,True,True,0.7916666666666667,12,0.06666666666666667,2013-06-03
GLENMARK.NS,Healthcare,,298945682.8669393,451.55479270129945,563.5311279296875,True,0.6711528697986286,0.35348082969488637,0.45481270549192354,True,True,True,True,0.768939393939394,13,0.06666666666666667,2013-06-03
SHRIRAMFIN.NS,Financial Services,,336595720.7714193,114.01763478954832,134.41348266601562,True,0.6773145060142225,0.28631127226934217,0.4609743417075174,True,True,True,True,0.7575757575757576,14,0.06666666666666667,2013-06-03
ZEEL.NS,Media Entertainment & Publication,,567994186.208736,187.48270205397102,204.0835418701172,True,0.8005529758124914,0.12852509603773066,0.5842128115057863,True,True,True,True,0.7424242424242424,15,0.06666666666666667,2013-06-03
AJANTPHARM.NS,Healthcare,,142585522.473003,92.77826886201025,139.27084350585938,True,1.6114292413425497,1.306216878033466,1.4942614794840312,True,True,True,True,0.9866071428571429,1,0.06666666666666667,2013-07-01
JMFINANCIL.NS,Financial Services,,60244823.52074512,14.662810536485221,20.504226684570312,True,1.4360117833673236,0.24268816227314827,1.318844021508805,True,True,True,True,0.9285714285714286,2,0.06666666666666667,2013-07-01
IPCALAB.NS,Healthcare,,120921839.65487823,243.5269012451172,314.879638671875,True,0.9225061280258278,0.2604846903528717,0.8053383661673092,True,True,True,True,0.9107142857142858,3,0.06666666666666667,2013-07-01
UNITDSPR.NS,Fast Moving Consumer Goods,,3376671813.264061,360.8027812248498,424.1140747070313,True,2.2045668415830426,0.14205919369332554,2.0873990797245243,True,True,True,True,0.90625,4,0.06666666666666667,2013-07-01
IDEA.NS,Telecommunication,,593135821.741123,64.35154242970836,84.000732421875,True,0.8222794332139598,0.3456966321234973,0.7051116713554413,True,True,True,True,0.8794642857142857,5,0.06666666666666667,2013-07-01
M&MFIN.NS,Financial Services,,298257517.14520836,108.06166640238546,134.5583953857422,True,1.100663399811478,0.16313261126164358,0.9834956379529596,True,True,True,True,0.8794642857142856,6,0.06666666666666667,2013-07-01
APOLLOHOSP.NS,Healthcare,,395405289.96192425,789.5946216679099,1002.0877075195312,True,0.6859642711068168,0.32509443944273775,0.5687965092482983,True,True,True,True,0.8080357142857143,7,0.06666666666666667,2013-07-01
SUNPHARMA.NS,Healthcare,,1026207144.067982,365.0677467231175,460.2566528320313,True,0.6571317187485752,0.35687438523519033,0.5399639568900567,True,True,True,True,0.7901785714285714,8,0.06666666666666667,2013-07-01
EICHERMOT.NS,Automobile and Auto Components,,83942421.77504475,254.9220388594584,301.1568603515625,True,0.6575559086420921,0.199038636258839,0.5403881467835736,True,True,True,True,0.7455357142857143,9,0.06666666666666667,2013-07-01
MOTHERSON.NS,Automobile and Auto Components,,64411833.854921184,8.491069175490184,9.075882911682127,True,0.9062351149759813,0.0066007731681518855,0.7890673531174628,True,True,True,True,0.7455357142857142,10,0.06666666666666667,2013-07-01
SPARC.NS,Healthcare,,102805277.2346077,117.5469439712601,137.06739807128906,True,0.8893827022349692,0.024879326787975664,0.7722149403764507,True,True,True,True,0.7410714285714286,11,0.06666666666666667,2013-07-01
ZEEL.NS,Media Entertainment & Publication,,541072307.5408498,193.1111808278453,213.06463623046875,True,0.7663058850197613,0.07271075298612972,0.6491381231612428,True,True,True,True,0.7410714285714286,12,0.06666666666666667,2013-07-01
HCLTECH.NS,Information Technology,,794452873.0239731,120.14175583729192,137.0707550048828,True,0.6302871746131591,0.247922321842849,0.5131194127546406,True,True,True,True,0.7321428571428572,13,0.06666666666666667,2013-07-01
ARE&M.NS,Automobile and Auto Components,,63227898.64881388,225.1462498190415,225.5132598876953,True,0.7310270287237655,0.04347785259245951,0.6138592668652469,True,True,True,True,0.7142857142857142,14,0.06666666666666667,2013-07-01
EMAMILTD.NS,Fast Moving Consumer Goods,,113441088.79438959,165.78025442152168,198.9160614013672,True,0.5343180497032327,0.23644576556291197,0.4171502878447142,True,True,True,True,0.6964285714285714,15,0.06666666666666667,2013-07-01
AJANTPHARM.NS,Healthcare,,98334594.28567404,103.83610757827759,149.97157287597656,True,1.5566619020181904,0.4479911840600026,1.4803296447357968,True,True,True,True,0.9611111111111111,1,0.06666666666666667,2013-08-01
IDEA.NS,Telecommunication,,717034754.4100721,68.78502807617187,100.2962875366211,True,1.1453968418719769,0.4833186893708077,1.0690645845895832,True,True,True,True,0.9611111111111111,2,0.06666666666666667,2013-08-01
UNITDSPR.NS,Fast Moving Consumer Goods,,3192417030.5007453,394.59725723266604,466.5685119628906,True,2.0448128801904257,0.3176416494440202,1.968480622908032,True,True,True,True,0.95,3,0.06666666666666667,2013-08-01
SUNPHARMA.NS,Healthcare,,1083987600.2237935,386.0120426940918,514.4246826171875,True,0.8698166252456283,0.5893724452812144,0.7934843679632346,True,True,True,True,0.9166666666666666,4,0.06666666666666667,2013-08-01
HCLTECH.NS,Information Technology,,648751065.0462763,125.90404609680176,165.60646057128906,True,0.9739859531640576,0.35872748757880357,0.8976536958816639,True,True,True,True,0.9111111111111112,5,0.06666666666666667,2013-08-01
EICHERMOT.NS,Automobile and Auto Components,,92725043.75547282,270.26708602905273,320.67242431640625,True,0.8062392280805917,0.28697723868525116,0.729906970798198,True,True,True,True,0.8444444444444444,6,0.06666666666666667,2013-08-01
IPCALAB.NS,Healthcare,,136529857.98341167,255.78265586853027,321.47198486328125,True,0.6959333398322145,0.3746758567554058,0.6196010825498208,True,True,True,True,0.8055555555555556,7,0.06666666666666667,2013-08-01
TECHM.NS,Information Technology,,619034408.4643036,174.2993963623047,219.347412109375,True,0.7456278556272344,0.2443713459151291,0.6692955983448408,True,True,True,True,0.8055555555555556,8,0.06666666666666667,2013-08-01
MOTHERSON.NS,Automobile and Auto Components,,63773818.024302416,8.818943486213684,9.410077095031738,True,0.9271201790409653,0.03213633029179319,0.8507879217585717,True,True,True,True,0.75,9,0.06666666666666667,2013-08-01
TCS.NS,Information Technology,,1429843775.2546773,524.3017362976075,673.4104614257812,True,0.5252611124017668,0.3650035296833627,0.4489288551193731,True,True,True,True,0.75,10,0.06666666666666667,2013-08-01
SPARC.NS,Healthcare,,98036157.38670057,123.72293880462647,123.95659637451172,True,0.6983658943625055,0.16744619817077133,0.6220336370801118,True,True,True,True,0.7333333333333334,11,0.06666666666666667,2013-08-01
LUPIN.NS,Healthcare,,829732633.0438629,618.8397479248047,814.8655395507812,True,0.5045047501903062,0.4654592186921842,0.4281724929079125,True,True,True,True,0.7333333333333333,12,0.06666666666666667,2013-08-01
M&MFIN.NS,Financial Services,,295496091.4170972,113.41456306457519,122.02427673339844,True,0.7635820308317665,0.11835694457856194,0.6872497735493728,True,True,True,True,0.7277777777777777,13,0.06666666666666667,2013-08-01
BERGEPAINT.NS,Consumer Durables,,55396823.796878815,52.29631992340088,57.11762619018555,True,0.5423179283617889,0.2164506585371957,0.46598567107939526,True,True,True,True,0.7166666666666667,14,0.06666666666666667,2013-08-01
APOLLOHOSP.NS,Healthcare,,418747630.70764565,818.0059283447266,897.3706665039062,True,0.5244477416638931,0.19420949942042043,0.4481154843814994,True,True,True,True,0.6777777777777778,15,0.06666666666666667,2013-08-01
HCLTECH.NS,Information Technology,,772205215.8025899,131.96805000305176,183.78244018554688,True,0.8830062366041755,0.43564560131745456,0.9003723490271816,True,True,True,True,0.946969696969697,1,0.06666666666666667,2013-09-02
IDEA.NS,Telecommunication,,938001688.0873302,73.40254583358765,94.9238052368164,True,1.1192843098119578,0.35107726392002303,1.1366504222349638,True,True,True,True,0.9393939393939394,2,0.06666666666666667,2013-09-02
UNITDSPR.NS,Fast Moving Consumer Goods,,2860751412.8478293,414.14337554931643,430.5801086425781,True,1.3549217939917924,0.22289829494981994,1.3722879064147984,True,True,True,True,0.8863636363636364,3,0.06666666666666667,2013-09-02
AJANTPHARM.NS,Healthcare,,73153080.4084591,110.8964533996582,121.95719909667967,True,0.8067604544283684,0.33389759466293234,0.8241265668513744,True,True,True,True,0.8712121212121212,4,0.06666666666666667,2013-09-02
M&MFIN.NS,Financial Services,,437888211.42583823,116.71718376159669,131.97320556640625,True,0.6228368849285404,0.3289240711374968,0.6402029973515464,True,True,True,True,0.8181818181818182,5,0.06666666666666667,2013-09-02
TCS.NS,Information Technology,,1752312202.1002278,544.5541130065918,754.1603393554688,True,0.5606333288832208,0.37396571691631264,0.5779994413062268,True,True,True,True,0.7954545454545454,6,0.06666666666666667,2013-09-02
TECHM.NS,Information Technology,,881327690.772528,180.48962944030762,241.99850463867188,True,0.5884019796417195,0.33924229973934805,0.6057680920647255,True,True,True,True,0.7954545454545454,7,0.06666666666666667,2013-09-02
BRITANNIA.NS,Fast Moving Consumer Goods,,87912493.66461894,243.97326568603515,301.611083984375,True,0.4857688866225369,0.4514840633215429,0.5031349990455429,True,True,True,True,0.7727272727272727,8,0.06666666666666667,2013-09-02
IPCALAB.NS,Healthcare,,141004432.8558136,264.81986183166504,298.8401794433594,True,0.5946527548379728,0.256339176340721,0.6120188672609788,True,True,True,True,0.7575757575757577,9,0.06666666666666667,2013-09-02
SUNPHARMA.NS,Healthcare,,1029991384.6971272,401.80172714233396,474.2934265136719,True,0.5597780291713819,0.30397789412771226,0.5771441415943879,True,True,True,True,0.7121212121212122,10,0.06666666666666667,2013-09-02
AUROPHARMA.NS,Healthcare,,380915422.9281825,83.71947282791137,84.9605484008789,True,0.6988809699287843,0.057275524453216375,0.7162470823517904,True,True,True,True,0.6893939393939394,11,0.06666666666666667,2013-09-02
BIOCON.NS,Healthcare,,162893070.27839813,45.03114526748657,55.90682220458984,True,0.44126451269531075,0.2907459438169926,0.45863062511831676,True,True,True,True,0.6363636363636364,12,0.06666666666666667,2013-09-02
LUPIN.NS,Healthcare,,868666835.5898478,642.009119567871,744.7579345703125,True,0.3829078851646379,0.3381449220879471,0.4002739975876439,True,True,True,True,0.6287878787878788,13,0.06666666666666667,2013-09-02
EICHERMOT.NS,Automobile and Auto Components,,92551920.23221333,278.7372927856445,293.15216064453125,True,0.4457197949325513,0.16017275758743255,0.4630859073555573,True,True,True,True,0.5984848484848484,14,0.06666666666666667,2013-09-02
DABUR.NS,Fast Moving Consumer Goods,,254608239.9887698,126.43724948883056,144.22877502441406,True,0.37975507178584356,0.27345190144890164,0.39712118420884956,True,True,True,True,0.5606060606060606,15,0.06666666666666667,2013-09-02
AJANTPHARM.NS,Healthcare,,74346926.76297976,120.98568937301636,174.64881896972656,True,1.6275342804280948,0.6940411803600903,1.6199407883290768,True,True,True,True,0.9811320754716981,1,0.06666666666666667,2013-10-01
UNITDSPR.NS,Fast Moving Consumer Goods,,2336496205.639257,425.8572966003418,496.0906066894531,True,1.6911094655773042,0.34544759756294985,1.6835159734782863,True,True,True,True,0.9481132075471699,2,0.06666666666666667,2013-10-01
HCLTECH.NS,Information Technology,,915896700.0961772,139.45923248291015,192.04031372070312,True,0.9373086203052254,0.4059344466816268,0.9297151282062075,True,True,True,True,0.9433962264150944,3,0.06666666666666667,2013-10-01
IDEA.NS,Telecommunication,,961641645.9592712,77.44029558181762,100.07062530517578,True,0.9166559872882032,0.5465123682485993,0.9090624951891852,True,True,True,True,0.9386792452830188,4,0.06666666666666667,2013-10-01
BRITANNIA.NS,Fast Moving Consumer Goods,,89783723.7507955,255.6049317932129,352.9674377441406,True,0.7182828814052853,0.610495534913325,0.7106893893062673,True,True,True,True,0.9198113207547169,5,0.06666666666666667,2013-10-01
SUNPHARMA.NS,Healthcare,,1001966821.9299372,420.4803369140625,542.3731079101562,True,0.7764907043636593,0.4471591559118617,0.7688972122646414,True,True,True,True,0.9198113207547169,6,0.06666666666666667,2013-10-01
IPCALAB.NS,Healthcare,,118092156.82160339,276.81257858276365,344.850830078125,True,0.7147359217284186,0.4038223229434166,0.7071424296294007,True,True,True,True,0.8820754716981133,7,0.06666666666666667,2013-10-01
AUROPHARMA.NS,Healthcare,,374803156.0766459,83.99390211105347,94.69441223144533,True,0.5859064508610963,0.5555514197126681,0.5783129587620783,True,True,True,True,0.8584905660377358,8,0.06666666666666667,2013-10-01
EICHERMOT.NS,Automobile and Auto Components,,92161000.16405742,286.7626848602295,327.206787109375,True,0.5991301805859648,0.3891068230230086,0.5915366884869468,True,True,True,True,0.8490566037735849,9,0.06666666666666667,2013-10-01
M&MFIN.NS,Financial Services,,419608527.4187411,120.16522109985351,134.558349609375,True,0.5432347407788067,0.31901945147802735,0.5356412486797888,True,True,True,True,0.7783018867924529,10,0.06666666666666667,2013-10-01
LUPIN.NS,Healthcare,,917113617.9621571,667.4898016357422,800.553955078125,True,0.48458821370874494,0.385216974739649,0.476994721609727,True,True,True,True,0.7735849056603774,11,0.06666666666666667,2013-10-01
MOTHERSON.NS,Automobile and Auto Components,,73807628.31020601,9.291915321350098,10.689162254333496,True,0.6113858877351992,0.18975717950119653,0.6037923956361813,True,True,True,True,0.7641509433962264,12,0.06666666666666667,2013-10-01
TECHM.NS,Information Technology,,1052557344.2258047,188.18961380004882,235.98855590820312,True,0.491493448642927,0.29033594589076817,0.48389995654390905,True,True,True,True,0.7547169811320755,13,0.06666666666666667,2013-10-01
ESCORTS.NS,Capital Goods,,81720061.44292761,64.4881672668457,78.6856689453125,True,0.39013836971024674,0.7115386482338821,0.3825448776112288,True,True,True,True,0.7452830188679246,14,0.06666666666666667,2013-10-01
DRREDDY.NS,Healthcare,,707497759.0185217,375.05151779174804,439.8999938964844,True,0.43948198935246263,0.3593906798847539,0.4318884972534447,True,True,True,True,0.7264150943396226,15,0.06666666666666667,2013-10-01
AJANTPHARM.NS,Healthcare,,77182577.64927356,133.44284608840942,212.6706085205078,True,2.4823012987003255,0.7225709743008735,2.421265014811616,True,True,True,True,1.0,1,0.06666666666666667,2013-11-01
BRITANNIA.NS,Fast Moving Consumer Goods,,99284080.5881663,272.9851307678223,403.4435119628906,True,0.9449222224543437,0.6396921728421723,0.8838859385656341,True,True,True,True,0.9672619047619048,2,0.06666666666666667,2013-11-01
IDEA.NS,Telecommunication,,928589963.8904431,82.12587795257568,102.74710083007812,True,1.1275773771001747,0.30379214247307607,1.0665410932114652,True,True,True,True,0.9553571428571429,3,0.06666666666666667,2013-11-01
HCLTECH.NS,Information Technology,,1065954182.6762756,148.29608505249024,193.83750915527344,True,0.8055978310655694,0.5211730314138554,0.7445615471768599,True,True,True,True,0.9494047619047619,4,0.06666666666666667,2013-11-01
MOTHERSON.NS,Automobile and Auto Components,,74583934.8448756,9.564498329162598,12.543902397155762,True,0.779824741882325,0.4065919035736614,0.7187884579936155,True,True,True,True,0.9345238095238095,5,0.06666666666666667,2013-11-01
TECHM.NS,Information Technology,,1117940476.0420675,198.87838523864747,274.0258483886719,True,0.6605076549909243,0.6333334091251188,0.5994713711022148,True,True,True,True,0.9196428571428571,6,0.06666666666666667,2013-11-01
EICHERMOT.NS,Automobile and Auto Components,,73732434.86012268,297.5090531158447,363.7382507324219,True,0.7417092005882868,0.3378346585994585,0.6806729166995773,True,True,True,True,0.9077380952380952,7,0.06666666666666667,2013-11-01
TCS.NS,Information Technology,,2221849707.063359,603.4088581848144,784.9708862304688,True,0.6299954240607966,0.5525238272230721,0.568959140172087,True,True,True,True,0.9077380952380952,8,0.06666666666666667,2013-11-01
SUNPHARMA.NS,Healthcare,,1008501999.6175919,444.5214274597168,556.5426635742188,True,0.7496309442158042,0.2861224959568871,0.6885946603270947,True,True,True,True,0.9047619047619049,9,0.06666666666666667,2013-11-01
UNITDSPR.NS,Fast Moving Consumer Goods,,1984626539.7628658,438.9843978881836,504.1100769042969,True,0.9947267138693137,0.1654213698507203,0.9336904299806041,True,True,True,True,0.8839285714285714,10,0.06666666666666667,2013-11-01
ESCORTS.NS,Capital Goods,,114863843.84955375,66.87694786071778,91.4022979736328,True,0.485523032225853,0.720041914625762,0.4244867483371435,True,True,True,True,0.8630952380952381,11,0.06666666666666667,2013-11-01
M&MFIN.NS,Financial Services,,381715484.188201,123.14665580749512,147.51023864746094,True,0.6047993426240257,0.2567817237336849,0.5437630587353162,True,True,True,True,0.8571428571428571,12,0.06666666666666667,2013-11-01
LUPIN.NS,Healthcare,,871848113.1759307,696.3499063110352,830.533203125,True,0.5655915067177122,0.2696756981652695,0.5045552228290027,True,True,True,True,0.8541666666666666,13,0.06666666666666667,2013-11-01
IPCALAB.NS,Healthcare,,126217728.18661092,286.653152923584,330.6130065917969,True,0.5009184071005379,0.3534093656794055,0.4398821232118284,True,True,True,True,0.8482142857142858,14,0.06666666666666667,2013-11-01
MRF.NS,Automobile and Auto Components,,166018573.58523762,13167.732392578126,15460.189453125,True,0.5463120499696281,0.17754674470150844,0.4852757660809186,True,True,True,True,0.8035714285714286,15,0.06666666666666667,2013-11-01
CEATLTD.NS,Automobile and Auto Components,,117502938.59569016,107.85255981445313,253.48001098632807,True,1.8299795035136524,1.6361105241914777,1.7632725379567558,True,True,True,True,0.9917582417582418,1,0.06666666666666667,2013-12-02
AJANTPHARM.NS,Healthcare,,85126872.53435491,147.65869716644286,234.4418334960937,True,2.944907458788463,0.5480276183704538,2.8782004932315663,True,True,True,True,0.9807692307692308,2,0.06666666666666667,2013-12-02
ESCORTS.NS,Capital Goods,,153907001.0722449,71.3267533493042,110.48370361328124,True,0.987141021322083,0.8222242523238474,0.9204340557651864,True,True,True,True,0.9697802197802198,3,0.06666666666666667,2013-12-02
NATCOPHARM.NS,Healthcare,,51521165.54635811,96.34808738708496,141.3468780517578,True,0.8926897272343612,0.7522819765187292,0.8259827616774646,True,True,True,True,0.9587912087912088,4,0.06666666666666667,2013-12-02
TECHM.NS,Information Technology,,1373069497.64239,210.09891998291016,299.9082336425781,True,0.8723601387476361,0.7324468303590395,0.8056531731907395,True,True,True,True,0.9395604395604396,5,0.06666666666666667,2013-12-02
FSL.NS,Services,,51003114.2649229,10.334036574363708,16.70343017578125,True,0.8262712425521186,1.1127449253782475,0.759564276995222,True,True,True,True,0.9313186813186812,6,0.06666666666666667,2013-12-02
EICHERMOT.NS,Automobile and Auto Components,,68135951.14274089,310.5589211273193,430.7768859863281,True,0.9904513814834273,0.23953457270132583,0.9237444159265307,True,True,True,True,0.9148351648351648,7,0.06666666666666667,2013-12-02
IDEA.NS,Telecommunication,,898760532.7223302,85.24988506317139,104.35299682617188,True,0.8891301945791852,0.29062829374159604,0.8224232290222886,True,True,True,True,0.9038461538461537,8,0.06666666666666667,2013-12-02
HCLTECH.NS,Information Technology,,1000049129.1886251,155.1040254974365,192.182846069336,True,0.7440965923225742,0.4607066631858381,0.6773896267656776,True,True,True,True,0.9010989010989011,9,0.06666666666666667,2013-12-02
BRITANNIA.NS,Fast Moving Consumer Goods,,83574365.19647828,290.23788398742676,376.3697509765625,True,0.8553955803619282,0.3063877165985891,0.7886886148050316,True,True,True,True,0.892857142857143,10,0.06666666666666667,2013-12-02
AUROPHARMA.NS,Healthcare,,543493382.5493146,88.69029268264771,137.99227905273438,True,0.6868972385487158,0.6510609848094813,0.6201902729918192,True,True,True,True,0.8873626373626374,11,0.06666666666666667,2013-12-02
MOTHERSON.NS,Automobile and Auto Components,,91805449.96881762,9.900130124092103,13.15982437133789,True,0.7411146264494408,0.3332928809663658,0.6744076608925442,True,True,True,True,0.8736263736263735,12,0.06666666666666667,2013-12-02
TVSMOTOR.NS,Automobile and Auto Components,,51874273.625045106,34.32156197547913,50.64044189453125,True,0.5488935489565543,0.5136975320565376,0.4821865833996577,True,True,True,True,0.846153846153846,13,0.06666666666666667,2013-12-02
TCS.NS,Information Technology,,2008805234.0213115,628.7594886779785,744.9427490234375,True,0.594663681111216,0.3413073797862438,0.5279567155543194,True,True,True,True,0.8379120879120879,14,0.06666666666666667,2013-12-02
MRF.NS,Automobile and Auto Components,,182816261.02052408,13499.665498046876,17031.6640625,True,0.7260095698174185,0.12833568257376426,0.6593026042605219,True,True,True,True,0.804945054945055,15,0.06666666666666667,2013-12-02
CEATLTD.NS,Automobile and Auto Components,,177126839.17873064,127.93927654266358,284.08160400390625,True,2.0904581529431816,2.043718450715289,2.0436316577579325,True,True,True,True,0.9931192660550459,1,0.06666666666666667,2014-01-01
AUROPHARMA.NS,Healthcare,,1071056465.1876007,97.14799158096314,184.6477813720703,True,1.048075737531481,1.3186848287200084,1.001249242346232,True,True,True,True,0.9793577981651377,2,0.06666666666666667,2014-01-01
AJANTPHARM.NS,Healthcare,,72024390.44710414,161.95362453460694,226.753646850586,True,2.6610401111724356,0.6797434085125613,2.6142136159871865,True,True,True,True,0.9770642201834863,3,0.06666666666666667,2014-01-01
TECHM.NS,Information Technology,,1347694349.0557516,223.45342292785645,324.6951904296875,True,1.0415765728987902,0.7759632469030306,0.9947500777135412,True,True,True,True,0.9610091743119267,4,0.06666666666666667,2014-01-01
ESCORTS.NS,Capital Goods,,211782007.55456746,78.07223352432251,129.61224365234375,True,0.9775317206427636,1.0771371429077963,0.9307052254575146,True,True,True,True,0.956422018348624,5,0.06666666666666667,2014-01-01
TATAELXSI.NS,Information Technology,,255329137.77380294,88.8108182144165,178.41748046875,True,0.8745928154680622,1.432653755849132,0.8277663202828132,True,True,True,True,0.9472477064220184,6,0.06666666666666667,2014-01-01
HCLTECH.NS,Information Technology,,1037990610.8527455,164.0449937057495,224.57717895507807,True,1.0087805302152915,0.6575208402312749,0.9619540350300424,True,True,True,True,0.9449541284403671,7,0.06666666666666667,2014-01-01
TVSMOTOR.NS,Automobile and Auto Components,,84400233.1973877,36.342606420516965,70.24916076660156,True,0.8567942790792031,1.4470118063953668,0.8099677838939541,True,True,True,True,0.9357798165137614,8,0.06666666666666667,2014-01-01
NATCOPHARM.NS,Healthcare,,55511566.27091726,103.07994846343995,147.0196533203125,True,0.7834449373120145,0.8373100707210719,0.7366184421267654,True,True,True,True,0.9151376146788991,9,0.06666666666666667,2014-01-01
BIOCON.NS,Healthcare,,316775107.6440433,50.801512699127194,73.56997680664062,True,0.6943012632808685,0.7282121334099438,0.6474747680956194,True,True,True,True,0.8967889908256881,10,0.06666666666666667,2014-01-01
BRITANNIA.NS,Fast Moving Consumer Goods,,71424644.17250976,308.49813652038574,395.3063354492188,True,0.8927241363716034,0.4387625578241934,0.8458976411863544,True,True,True,True,0.8876146788990825,11,0.06666666666666667,2014-01-01
EICHERMOT.NS,Automobile and Auto Components,,88138449.35231018,331.5764768218994,457.2954711914063,True,0.8678175726941648,0.47741223246372244,0.8209910775089158,True,True,True,True,0.8876146788990825,12,0.06666666666666667,2014-01-01
TCS.NS,Information Technology,,1760902828.1341248,652.6733889770508,807.2705688476562,True,0.7420750908867357,0.5172157827449284,0.6952485957014867,True,True,True,True,0.8761467889908258,13,0.06666666666666667,2014-01-01
UPL.NS,Chemicals,,252918118.84273848,86.34428817749023,117.14896392822266,True,0.6368590324430696,0.49706041875127305,0.5900325372578206,True,True,True,True,0.8509174311926605,14,0.06666666666666667,2014-01-01
ECLERX.NS,Services,,55859416.51653468,189.1033371734619,250.32948303222656,True,0.5711745055432538,0.5397112899320318,0.5243480103580047,True,True,True,True,0.8463302752293578,15,0.06666666666666667,2014-01-01
CEATLTD.NS,Automobile and Auto Components,,175756029.6024236,153.07552902221678,263.2973022460937,True,1.9159118179038375,1.4931102813001393,1.9381897259128686,True,True,True,True,0.9936708860759493,1,0.06666666666666667,2014-02-03
AUROPHARMA.NS,Healthcare,,1712708128.8945978,110.96575065612792,221.66665649414065,True,1.5485536967165623,1.6761224375883201,1.5708316047255935,True,True,True,True,0.981012658227848,2,0.06666666666666667,2014-02-03
FSL.NS,Services,,54762506.97696536,12.419446141719819,18.79620361328125,True,1.2769953236056137,0.9169962450339542,1.299273231614645,True,True,True,True,0.9588607594936709,3,0.06666666666666667,2014-02-03
TATAELXSI.NS,Information Technology,,400082748.3950129,98.60459007263184,177.56187438964844,True,0.9453079478786903,1.2130096122101541,0.9675858558877215,True,True,True,True,0.9335443037974683,4,0.06666666666666667,2014-02-03
ECLERX.NS,Services,,54301674.137233734,202.78270111083984,286.4466552734375,True,0.9943617321907781,0.7221864794837853,1.0166396401998092,True,True,True,True,0.930379746835443,5,0.06666666666666667,2014-02-03
HCLTECH.NS,Information Technology,,1014319964.7359354,176.08111324310303,260.81451416015625,True,1.1739584986752298,0.6464679964540629,1.196236406684261,True,True,True,True,0.9240506329113924,6,0.06666666666666667,2014-02-03
TVSMOTOR.NS,Automobile and Auto Components,,105416543.21595739,40.46108507156372,71.86781311035156,True,0.8841338239222396,1.581369125935101,0.9064117319312708,True,True,True,True,0.9208860759493671,7,0.06666666666666667,2014-02-03
AJANTPHARM.NS,Healthcare,,52757426.23310827,175.13592262268065,226.0950469970703,True,1.6130775871114627,0.4237597227075962,1.6353554951204938,True,True,True,True,0.9145569620253164,8,0.06666666666666667,2014-02-03
ESCORTS.NS,Capital Goods,,180268996.45053074,85.51160608291626,116.89130401611328,True,0.9269249721610917,0.5051298192627278,0.9492028801701229,True,True,True,True,0.8734177215189873,9,0.06666666666666667,2014-02-03
TECHM.NS,Information Technology,,1213224296.058736,239.22783927917482,315.7025756835937,True,0.7821920033655965,0.4366297934248087,0.8044699113746276,True,True,True,True,0.8354430379746836,10,0.06666666666666667,2014-02-03
BHARATFORG.NS,Automobile and Auto Components,,134960553.53772888,118.83435562133789,158.12350463867188,True,0.5100985868994916,0.7223687015272362,0.5323764949085228,True,True,True,True,0.8291139240506329,11,0.06666666666666667,2014-02-03
MOTHERSON.NS,Automobile and Auto Components,,123036839.78379716,10.89117425918579,14.231297492980955,True,0.5723969084385714,0.5238374209557553,0.5946748164476026,True,True,True,True,0.8069620253164557,12,0.06666666666666667,2014-02-03
BRITANNIA.NS,Fast Moving Consumer Goods,,59630538.73940938,326.7323631286621,378.9676208496094,True,0.844854527302872,0.23175160815454943,0.8671324353119032,True,True,True,True,0.7721518987341771,13,0.06666666666666667,2014-02-03
EICHERMOT.NS,Automobile and Auto Components,,91148487.64091492,355.2235707092285,426.9904174804688,True,0.7634565185690365,0.27340979884004835,0.7857344265780677,True,True,True,True,0.768987341772152,14,0.06666666666666667,2014-02-03
BIOCON.NS,Healthcare,,511664651.4022129,54.18501770019531,69.35689544677734,True,0.6733927292918789,0.318174891049255,0.69567063730091,True,True,True,True,0.7689873417721519,15,0.06666666666666667,2014-02-03
CEATLTD.NS,Automobile and Auto Components,,107062011.92118861,169.43674327850343,249.7211303710937,True,1.9877684000464066,1.66619443525568,1.938490572285056,True,True,True,True,0.9920212765957447,1,0.06666666666666667,2014-03-03
AUROPHARMA.NS,Healthcare,,2321137973.0005584,124.73445331573487,246.3930053710937,True,1.9300669233712289,2.0682444272251095,1.8807890956098783,True,True,True,True,0.9893617021276596,2,0.06666666666666667,2014-03-03
TATAELXSI.NS,Information Technology,,593514264.6503891,109.31776123046875,250.7813262939453,True,1.853749382288604,2.507029976356917,1.8044715545272534,True,True,True,True,0.9840425531914893,3,0.06666666666666667,2014-03-03
FSL.NS,Services,,69979474.63629355,13.635967376232147,21.8190975189209,True,1.5360361498775377,1.279351997620123,1.486758322116187,True,True,True,True,0.9654255319148937,4,0.06666666666666667,2014-03-03
GRANULES.NS,Healthcare,,55591526.02698612,15.48039571762085,25.03905868530273,True,1.3783867319434608,1.1213919050947943,1.3291089041821103,True,True,True,True,0.949468085106383,5,0.06666666666666667,2014-03-03
TVSMOTOR.NS,Automobile and Auto Components,,144186672.6482457,44.42906509399414,79.54479217529297,True,1.1014008371464463,1.9144473128508106,1.0521230093850957,True,True,True,True,0.9388297872340425,6,0.06666666666666667,2014-03-03
PERSISTENT.NS,Information Technology,,55487914.335458376,156.7792036819458,247.4060516357422,True,1.1236095330587688,0.9856984182201696,1.0743317052974182,True,True,True,True,0.9281914893617021,7,0.06666666666666667,2014-03-03
HCLTECH.NS,Information Technology,,1226384739.1778514,188.72656307220458,281.032958984375,True,1.2151469278594558,0.6788176269426434,1.1658691000981052,True,True,True,True,0.9148936170212766,8,0.06666666666666667,2014-03-03
NAUKRI.NS,Consumer Services,,74236375.58149719,74.65833765029907,120.10591888427734,True,0.8086748249261624,1.1340158649631165,0.7593969971648118,True,True,True,True,0.8909574468085106,9,0.06666666666666667,2014-03-03
MOTHERSON.NS,Automobile and Auto Components,,145972374.14362004,11.494113192558288,16.159252166748047,True,0.787674437006441,0.7433553383338276,0.7383966092450904,True,True,True,True,0.848404255319149,10,0.06666666666666667,2014-03-03
EICHERMOT.NS,Automobile and Auto Components,,93964351.76704915,370.88967498779294,472.4089660644531,True,0.8547608361049093,0.5680253000742284,0.8054830083435587,True,True,True,True,0.8430851063829787,11,0.06666666666666667,2014-03-03
COFORGE.NS,Information Technology,,56612991.9805727,51.171767177581785,74.32762908935547,True,0.78158033959539,0.7130504100559698,0.7323025118340394,True,True,True,True,0.8351063829787233,12,0.06666666666666667,2014-03-03
BHARATFORG.NS,Automobile and Auto Components,,198492568.64696857,124.56724006652831,175.4346923828125,True,0.7630262015289195,0.7096964439145284,0.7137483737675689,True,True,True,True,0.824468085106383,13,0.06666666666666667,2014-03-03
PVRINOX.NS,Media Entertainment & Publication,,56129694.37548421,455.6685014343262,516.0117797851562,True,0.9232170175400687,0.39234604167632514,0.8739391897787181,True,True,True,True,0.8244680851063829,14,0.06666666666666667,2014-03-03
IPCALAB.NS,Healthcare,,55410938.48806457,333.61393508911135,429.0445556640625,True,0.8976591352266508,0.4208019591174108,0.8483813074653002,True,True,True,True,0.8191489361702128,15,0.06666666666666667,2014-03-03
CEATLTD.NS,Automobile and Auto Components,,149904913.94755426,194.1944888305664,390.70068359375,True,3.9858000376588647,2.8429760965913027,3.801966300659986,True,True,True,True,1.0,1,0.06666666666666667,2014-04-01
AUROPHARMA.NS,Healthcare,,2158255402.781963,140.6211131286621,240.4464111328125,True,2.5424893581865247,1.6753629836860866,2.358655621187646,True,True,True,True,0.9893617021276596,2,0.06666666666666667,2014-04-01
TVSMOTOR.NS,Automobile and Auto Components,,139603197.00480473,49.43036653518677,89.8116455078125,True,2.0782032906527537,1.8518661677831547,1.8943695536538747,True,True,True,True,0.9858156028368794,3,0.06666666666666667,2014-04-01
TATAELXSI.NS,Information Technology,,751712825.1762568,126.63933670043946,233.1342010498047,True,1.8124451854951835,2.2150446336321816,1.6286114484963046,True,True,True,True,0.9769503546099291,4,0.06666666666666667,2014-04-01
APLLTD.NS,Healthcare,,58999956.59948781,167.32247081756591,250.9423065185547,True,1.8811529478605333,0.9247128336230315,1.6973192108616544,True,True,True,True,0.9645390070921985,5,0.06666666666666667,2014-04-01
GRANULES.NS,Healthcare,,59522632.371434845,16.728781480789184,23.81627082824707,True,1.7031324213052104,0.7968305256353656,1.5192986843063314,True,True,True,True,0.9485815602836879,6,0.06666666666666667,2014-04-01
SRF.NS,Chemicals,,75347782.70354874,33.8990855884552,67.27106475830078,True,1.2350938397011118,1.5288709453409886,1.0512601027022328,True,True,True,True,0.9485815602836879,7,0.06666666666666667,2014-04-01
VOLTAS.NS,Consumer Durables,,371687237.93155444,90.25544862747192,148.75511169433594,True,1.1610597529176192,1.196586630219175,0.9772260159187403,True,True,True,True,0.9290780141843973,8,0.06666666666666667,2014-04-01
EICHERMOT.NS,Automobile and Auto Components,,120588793.0631663,390.1975503540039,550.882080078125,True,1.1618527500193712,0.7065251578941696,0.9780190130204922,True,True,True,True,0.9202127659574468,9,0.06666666666666667,2014-04-01
FSL.NS,Services,,68901076.99786285,14.891243703365326,19.571304321289062,True,1.370891980811972,0.5443425041932866,1.187058243813093,True,True,True,True,0.9131205673758866,10,0.06666666666666667,2014-04-01
BEML.NS,Capital Goods,,68662355.3360251,71.32528554916382,113.35481262207033,True,0.949982364033259,1.0169136771232727,0.76614862703438,True,True,True,True,0.9042553191489362,11,0.06666666666666667,2014-04-01
APOLLOTYRE.NS,Automobile and Auto Components,,835205067.153365,73.668477268219,135.83880615234375,True,0.937657930807819,1.333332962019948,0.7538241938089401,True,True,True,True,0.9042553191489361,12,0.06666666666666667,2014-04-01
PERSISTENT.NS,Information Technology,,78660461.50062256,169.3497369003296,228.9495849609375,True,1.0488293654017706,0.6961575087699308,0.8649956284028917,True,True,True,True,0.900709219858156,13,0.06666666666666667,2014-04-01
ADANIENT.NS,Metals & Mining,,570434054.7182416,30.437129735946655,52.05018997192383,True,0.8565385601321884,1.5770308149701338,0.6727048231333095,True,True,True,True,0.8918439716312057,14,0.06666666666666667,2014-04-01
BHARATFORG.NS,Automobile and Auto Components,,288368818.66311747,132.24945934295656,193.3839263916016,True,1.0457012194605233,0.6737723183406086,0.8618674824616444,True,True,True,True,0.8900709219858156,15,0.06666666666666667,2014-04-01
CEATLTD.NS,Automobile and Auto Components,,197083136.89238206,218.99657569885255,343.7369079589844,True,3.0301128592653814,1.4405023110794768,2.8691050621580105,True,True,True,True,0.9962962962962962,1,0.06666666666666667,2014-05-02
AUROPHARMA.NS,Healthcare,,1963038817.407875,157.73053699493408,269.4034118652344,True,2.045672787065895,1.6676601606810109,1.884664989958524,True,True,True,True,0.9870370370370369,2,0.06666666666666667,2014-05-02
GRANULES.NS,Healthcare,,81583385.76805179,18.32395743370056,32.93580627441406,True,2.507870381138916,1.0829389238645226,2.346862584031545,True,True,True,True,0.9814814814814815,3,0.06666666666666667,2014-05-02
TATAELXSI.NS,Information Technology,,747529294.7993968,142.06876140594483,235.29458618164065,True,1.903516602575123,1.8004064696264206,1.742508805467752,True,True,True,True,0.9722222222222221,4,0.06666666666666667,2014-05-02
FINCABLES.NS,Capital Goods,,63100534.06094106,67.44920949935913,122.20309448242188,True,1.9208337614847535,1.3012655132517335,1.7598259643773826,True,True,True,True,0.9685185185185184,5,0.06666666666666667,2014-05-02
FSL.NS,Services,,71507033.67239904,16.26937355041504,24.725727081298828,True,1.9813082392681522,0.6614580723300769,1.8203004421607814,True,True,True,True,0.9518518518518518,6,0.06666666666666667,2014-05-02
TVSMOTOR.NS,Automobile and Auto Components,,152156453.47129682,54.58144455909729,88.23926544189453,True,1.688737160106799,0.946965269764694,1.5277293629994282,True,True,True,True,0.9462962962962964,7,0.06666666666666667,2014-05-02
BEML.NS,Capital Goods,,150414205.45395178,79.42562288284302,150.350830078125,True,1.3974618524199887,1.2244543892114303,1.2364540553126178,True,True,True,True,0.9444444444444444,8,0.06666666666666667,2014-05-02
SRF.NS,Chemicals,,108394972.9958512,38.172653884887694,72.59325408935547,True,1.3279721351198353,1.3366384338559452,1.1669643380124644,True,True,True,True,0.9444444444444444,9,0.06666666666666667,2014-05-02
APLLTD.NS,Healthcare,,61311541.40266902,180.05608764648437,262.3427734375,True,1.6325955829914585,0.6620187603447834,1.4715877858840876,True,True,True,True,0.9314814814814815,10,0.06666666666666667,2014-05-02
BALKRISIND.NS,Automobile and Auto Components,,50964298.75314916,139.30585037231447,233.66700744628903,True,0.9900101848708371,1.066784355246758,0.8290023877634662,True,True,True,True,0.9074074074074074,11,0.06666666666666667,2014-05-02
UPL.NS,Chemicals,,531531161.8185125,101.60683883666992,158.66448974609375,True,1.1041642910702634,0.7324716601193675,0.9431564939628925,True,True,True,True,0.9055555555555556,12,0.06666666666666667,2014-05-02
EICHERMOT.NS,Automobile and Auto Components,,149236639.15104166,413.2671295166016,573.0364990234375,True,1.1702488510623348,0.5698959378324131,1.0092410539549639,True,True,True,True,0.9,13,0.06666666666666667,2014-05-02
ADANIENT.NS,Metals & Mining,,1402558576.8196573,33.52490103721619,59.10100555419922,True,0.9572878965866032,1.0108277017062601,0.7962800994792323,True,True,True,True,0.8870370370370371,14,0.06666666666666667,2014-05-02
MOTHERSON.NS,Automobile and Auto Components,,257111472.04414016,12.97886736869812,17.693246841430664,True,1.0192496129430748,0.44669325333679133,0.8582418158357039,True,True,True,True,0.8777777777777778,15,0.06666666666666667,2014-05-02
BEML.NS,Capital Goods,,352281817.70913833,93.62599712371826,253.30718994140625,True,3.028192694809942,2.610895500230837,2.810858418821506,True,True,True,True,0.9955089820359282,1,0.06666666666666667,2014-06-02
TVSMOTOR.NS,Automobile and Auto Components,,198840557.0884299,63.17747323989868,121.28816223144533,True,2.620494332687311,1.4419159357871,2.403160056698875,True,True,True,True,0.9820359281437125,2,0.06666666666666667,2014-06-02
AUROPHARMA.NS,Healthcare,,1477859142.4827988,179.339912109375,314.8602905273437,True,2.8621479374110947,1.2961943570507262,2.644813661422659,True,True,True,True,0.9805389221556886,3,0.06666666666666667,2014-06-02
GRANULES.NS,Healthcare,,86799504.11716016,20.629494404792787,34.68130874633789,True,1.9576246084598536,1.2396013328483715,1.7402903324714178,True,True,True,True,0.9625748502994012,4,0.06666666666666667,2014-06-02
SRF.NS,Chemicals,,128408635.19183667,43.76985181808472,83.76144409179688,True,1.7601454315805407,1.684199025647279,1.542811155592105,True,True,True,True,0.9610778443113772,5,0.06666666666666667,2014-06-02
FINCABLES.NS,Capital Goods,,93096484.72181688,76.26535400390625,134.16798400878906,True,1.9141756807702346,1.1025281091145058,1.6968414047817988,True,True,True,True,0.9565868263473054,6,0.06666666666666667,2014-06-02
GPPL.NS,Services,,88787007.35855064,42.1586077785492,80.94046783447266,True,1.715053727667215,1.3379620845247344,1.4977194516787793,True,True,True,True,0.9520958083832336,7,0.06666666666666667,2014-06-02
CEATLTD.NS,Automobile and Auto Components,,203824393.6368286,246.8913737487793,374.5153503417969,True,3.1614054915811787,0.6596120315837124,2.944071215592743,True,True,True,True,0.9446107784431138,8,0.06666666666666667,2014-06-02
TATAELXSI.NS,Information Technology,,540370558.9237783,156.6760613632202,217.9256134033203,True,1.766792039791357,0.944645973889654,1.5494577638029212,True,True,True,True,0.9416167664670659,9,0.06666666666666667,2014-06-02
NCC.NS,Construction,,133190068.54685669,17.012087121009827,39.011451721191406,True,1.349591465520232,2.0000001466760637,1.132257189531796,True,True,True,True,0.9401197604790419,10,0.06666666666666667,2014-06-02
NBCC.NS,Construction,,63302012.21927409,5.9868726992607115,11.878745079040527,True,1.3698162035789347,1.2491597770263785,1.152481927590499,True,True,True,True,0.938622754491018,11,0.06666666666666667,2014-06-02
AIAENG.NS,Capital Goods,,71623273.36220805,435.43270904541015,690.389404296875,True,1.6947885723052871,0.8340416500268588,1.4774542963168513,True,True,True,True,0.9221556886227544,12,0.06666666666666667,2014-06-02
ATUL.NS,Chemicals,,110258373.12476908,409.52470428466796,771.0983276367188,True,1.3554207719561617,0.9354381343207785,1.138086495967726,True,True,True,True,0.9176646706586826,13,0.06666666666666667,2014-06-02
ADANIENT.NS,Metals & Mining,,2243130900.9569287,37.830585193634036,67.73596954345703,True,1.2985575842682087,0.9756602046270513,1.0812233082797729,True,True,True,True,0.9146706586826348,14,0.06666666666666667,2014-06-02
VOLTAS.NS,Consumer Durables,,484726809.3829706,106.95230573654175,172.6077117919922,True,1.2675572774244026,0.9662983426854894,1.0502230014359668,True,True,True,True,0.9086826347305389,15,0.06666666666666667,2014-06-02
BEML.NS,Capital Goods,,561768867.3951817,119.51853992462158,308.96612548828125,True,4.3324158221692715,2.2621877085094955,3.9385810502011602,True,True,True,True,0.9933155080213903,1,0.06666666666666667,2014-07-01
CEATLTD.NS,Automobile and Auto Components,,296893046.1610876,286.5285941696167,604.5578002929688,True,5.421463278649201,1.2374801172426184,5.02762850668109,True,True,True,True,0.982620320855615,2,0.06666666666666667,2014-07-01
TVSMOTOR.NS,Automobile and Auto Components,,257990599.8800809,73.80980800628662,151.49371337890625,True,4.098697438721975,1.5472422833887896,3.7048626667538636,True,True,True,True,0.9826203208556149,3,0.06666666666666667,2014-07-01
SRF.NS,Chemicals,,87549858.9199295,51.15764719963074,111.53226470947266,True,3.271318709396926,1.881209477698932,2.877483937428815,True,True,True,True,0.9799465240641712,4,0.06666666666666667,2014-07-01
GRANULES.NS,Healthcare,,95711844.28075886,23.558276596069337,44.794960021972656,True,3.2346267218554745,1.3828212152058859,2.8407919498873633,True,True,True,True,0.9665775401069518,5,0.06666666666666667,2014-07-01
KEC.NS,Construction,,56772853.09579423,57.14423937797547,116.20536041259766,True,3.0540182873426023,1.256455881666675,2.660183515374491,True,True,True,True,0.9598930481283422,6,0.06666666666666667,2014-07-01
AUROPHARMA.NS,Healthcare,,1322650586.4810247,204.75102153778076,349.14862060546875,True,3.3805279823889087,0.8439456746161484,2.9866932104207975,True,True,True,True,0.9491978609625669,7,0.06666666666666667,2014-07-01
STLTECH.NS,Telecommunication,,101970518.25831531,25.02792999267578,59.203372955322266,True,2.176636573873419,1.7322176347277587,1.7828018019053076,True,True,True,True,0.946524064171123,8,0.06666666666666667,2014-07-01
FINCABLES.NS,Capital Goods,,84121474.61722514,87.17669704437256,161.05535888671875,True,2.590409710197764,1.1291468484466192,2.1965749382296527,True,True,True,True,0.9451871657754012,9,0.06666666666666667,2014-07-01
NCC.NS,Construction,,161864985.01927948,20.235336928367616,43.1575813293457,True,2.4041118333458202,1.462364738356766,2.010277061377709,True,True,True,True,0.9438502673796791,10,0.06666666666666667,2014-07-01
SUZLON.NS,Capital Goods,,560156210.6320195,11.842664215564728,26.0313663482666,True,2.0320856577289903,1.5890412712998683,1.638250885760879,True,True,True,True,0.9398395721925135,11,0.06666666666666667,2014-07-01
APOLLOTYRE.NS,Automobile and Auto Components,,644748687.638706,103.41517049789428,169.45809936523438,True,2.4992688723146133,1.046249156348305,2.105434100346502,True,True,True,True,0.9385026737967914,12,0.06666666666666667,2014-07-01
FSL.NS,Services,,118785147.88554046,19.577311520576476,31.81790542602539,True,3.0245097873650373,0.8574664004131427,2.630675015396926,True,True,True,True,0.9344919786096256,13,0.06666666666666667,2014-07-01
NBCC.NS,Construction,,91212401.49852602,6.815491600036621,13.660261154174805,True,1.6242954813152202,1.2776315327089223,1.230460709347109,True,True,True,True,0.9171122994652406,14,0.06666666666666667,2014-07-01
ATUL.NS,Chemicals,,117213178.41358693,468.6994703674316,849.2581787109375,True,1.8600332020264068,1.0628238393818932,1.4661984300582955,True,True,True,True,0.9157754010695187,15,0.06666666666666667,2014-07-01
SRF.NS,Chemicals,,70854775.31173897,59.603814868927,110.36305236816406,True,3.391115231400491,2.0538326581464235,3.053538931759003,True,True,True,True,0.9855263157894737,1,0.06666666666666667,2014-08-01
TVSMOTOR.NS,Automobile and Auto Components,,343529630.42216325,86.74276508331299,137.32321166992188,True,3.621772692753842,1.2044128236438802,3.284196393112354,True,True,True,True,0.9815789473684211,2,0.06666666666666667,2014-08-01
GRANULES.NS,Healthcare,,121221252.28216107,28.07809461593628,58.833621978759766,True,3.3749667311466034,1.999286101002998,3.0373904315051155,True,True,True,True,0.9802631578947367,3,0.06666666666666667,2014-08-01
BEML.NS,Capital Goods,,478585149.557254,142.87452526092528,244.6353454589844,True,2.768397278090974,2.2449818916681843,2.430820978449486,True,True,True,True,0.9750000000000001,4,0.06666666666666667,2014-08-01
JKLAKSHMI.NS,Construction Materials,,89697275.63389486,112.1624164199829,230.495849609375,True,2.3765827407479847,2.646449224656383,2.0390064411064968,True,True,True,True,0.9644736842105264,5,0.06666666666666667,2014-08-01
NBCC.NS,Construction,,205443851.7690549,8.185769371986389,18.33797645568848,True,2.5807137009943224,2.3411226060696633,2.2431374013528345,True,True,True,True,0.9644736842105263,6,0.06666666666666667,2014-08-01
ATUL.NS,Chemicals,,101536139.93505655,546.5530090332031,1137.4461669921875,True,2.704899739536609,1.9268660345094037,2.367323439895121,True,True,True,True,0.9631578947368421,7,0.06666666666666667,2014-08-01
KEC.NS,Construction,,66066395.476880774,67.57537054061889,110.38362884521484,True,2.728202445664428,1.3575415462390952,2.39062614602294,True,True,True,True,0.9605263157894737,8,0.06666666666666667,2014-08-01
IRB.NS,Construction,,1397868708.188263,5.430294636487961,10.994060516357422,True,1.9405777627649639,2.5667346019905057,1.603001463123476,True,True,True,True,0.9473684210526316,9,0.06666666666666667,2014-08-01
FINCABLES.NS,Capital Goods,,82635226.28657481,101.83076169967651,187.1361083984375,True,2.257410024592291,1.5202172283605178,1.919833724950803,True,True,True,True,0.9434210526315789,10,0.06666666666666667,2014-08-01
BHARATFORG.NS,Automobile and Auto Components,,526806945.31608987,191.3325375366211,331.81988525390625,True,2.301622727568787,1.2334035653488962,1.964046427927299,True,True,True,True,0.9434210526315788,11,0.06666666666666667,2014-08-01
GPPL.NS,Services,,99330249.52240245,53.094868402481076,93.50627899169922,True,2.119786564384828,1.4308338063679784,1.7822102647433402,True,True,True,True,0.9381578947368421,12,0.06666666666666667,2014-08-01
NCC.NS,Construction,,140899160.5484434,23.474948563575744,39.51813507080078,True,1.9100543227695153,1.9065738682689966,1.5724780231280273,True,True,True,True,0.9302631578947368,13,0.06666666666666667,2014-08-01
AUROPHARMA.NS,Healthcare,,1259537846.7256083,232.07626377105714,335.6464538574219,True,3.094848835215707,0.7322131382945758,2.757272535574219,True,True,True,True,0.9289473684210526,14,0.06666666666666667,2014-08-01
STLTECH.NS,Telecommunication,,95885330.4361598,29.287988901138306,52.04094314575195,True,1.833090047068572,1.5286345335224927,1.495513747427084,True,True,True,True,0.9210526315789473,15,0.06666666666666667,2014-08-01
SRF.NS,Chemicals,,114762228.22077687,68.21784169197082,128.5728302001953,True,4.400482676428297,2.1855902415142054,3.8634755952553252,True,True,True,True,0.988157894736842,1,0.06666666666666667,2014-09-01
JKLAKSHMI.NS,Construction Materials,,117140916.10708262,131.10295892715453,286.2198181152344,True,3.9449609953348626,3.038167510835337,3.407953914161891,True,True,True,True,0.9842105263157894,2,0.06666666666666667,2014-09-01
GRANULES.NS,Healthcare,,144796221.4926796,32.592497096061706,68.7582015991211,True,4.860180090024692,1.6588144739885484,4.323173008851721,True,True,True,True,0.980263157894737,3,0.06666666666666667,2014-09-01
TVSMOTOR.NS,Automobile and Auto Components,,400064907.56218183,98.00045797348022,173.8681640625,True,5.164206323794479,1.2730090666032585,4.627199242621508,True,True,True,True,0.9802631578947368,4,0.06666666666666667,2014-09-01
ATUL.NS,Chemicals,,112028705.02106018,628.0266491699218,1293.6990966796875,True,3.5373973031170785,2.133361588230746,3.000390221944107,True,True,True,True,0.9710526315789474,5,0.06666666666666667,2014-09-01
CEATLTD.NS,Automobile and Auto Components,,432617638.2024984,366.0959797668457,519.4305419921875,True,4.028252105069308,1.1035095465065656,3.4912450238963366,True,True,True,True,0.9618421052631578,6,0.06666666666666667,2014-09-01
BEML.NS,Capital Goods,,280605145.1423505,158.24299808502198,220.9624481201172,True,3.498359787985871,1.796403739739902,2.9613527068128995,True,True,True,True,0.9592105263157895,7,0.06666666666666667,2014-09-01
FINCABLES.NS,Capital Goods,,65090875.44300664,114.29309614181518,196.5596618652344,True,3.242059927825535,1.853799145947193,2.7050528466525634,True,True,True,True,0.9592105263157894,8,0.06666666666666667,2014-09-01
IRB.NS,Construction,,1313903511.766864,6.144692047834396,10.82049560546875,True,2.885046092949478,2.268652902506893,2.3480390117765064,True,True,True,True,0.9578947368421052,9,0.06666666666666667,2014-09-01
NBCC.NS,Construction,,227433256.55996752,9.40435195684433,16.66693878173828,True,2.863547850074053,2.038849127019221,2.3265407689010815,True,True,True,True,0.9486842105263158,10,0.06666666666666667,2014-09-01
CENTURYPLY.NS,Consumer Durables,,59567117.88252824,43.079897260665895,86.02587127685547,True,2.7235342025258458,2.957101968367808,2.1865271213528743,True,True,True,True,0.9473684210526316,11,0.06666666666666667,2014-09-01
NCC.NS,Construction,,89304916.51165968,25.847320113182068,37.16971969604492,True,2.8500153308055944,1.8003909813894414,2.313008249632623,True,True,True,True,0.9421052631578948,12,0.06666666666666667,2014-09-01
STLTECH.NS,Telecommunication,,83791918.05948798,32.567992763519285,57.63341522216797,True,2.5612533288955914,2.1237534943406695,2.02424624772262,True,True,True,True,0.9263157894736842,13,0.06666666666666667,2014-09-01
KEC.NS,Construction,,53665805.861521915,73.71699438095092,93.19953155517578,True,3.1560928841764824,0.8577053982854943,2.619085803003511,True,True,True,True,0.9184210526315789,14,0.06666666666666667,2014-09-01
APARINDS.NS,Capital Goods,,51031733.12061844,158.13632110595702,286.5404052734375,True,2.5395675588257856,1.800066114721567,2.002560477652814,True,True,True,True,0.9171052631578948,15,0.06666666666666667,2014-09-01
GRANULES.NS,Healthcare,,180840546.89063707,39.18900796890259,82.53329467773438,True,5.220196382770669,2.462701463424393,4.813275481734774,True,True,True,True,0.9887005649717514,1,0.06666666666666667,2014-10-01
NBCC.NS,Construction,,551275700.6155778,11.389952459335326,27.4570426940918,True,5.08535022557869,3.3586591324555197,4.678429324542795,True,True,True,True,0.9872881355932204,2,0.06666666666666667,2014-10-01
TVSMOTOR.NS,Automobile and Auto Components,,609576292.4837822,115.04016078948975,212.5106658935547,True,5.908224980245702,1.403308006485969,5.501304079209807,True,True,True,True,0.9816384180790961,3,0.06666666666666667,2014-10-01
JKLAKSHMI.NS,Construction Materials,,129871825.01113434,157.87065757751463,335.6800537109375,True,4.161574962178234,2.291952794219281,3.7546540611423387,True,True,True,True,0.9703389830508475,4,0.06666666666666667,2014-10-01
SRF.NS,Chemicals,,132851539.48034668,79.53233837127685,142.4921875,True,4.372775090361389,1.3032882966709818,3.965854189325494,True,True,True,True,0.9661016949152541,5,0.06666666666666667,2014-10-01
CEATLTD.NS,Automobile and Auto Components,,507798289.16437936,412.31692253112794,712.4087524414062,True,6.0012420914702975,0.8489452853665818,5.594321190434402,True,True,True,True,0.9646892655367232,6,0.06666666666666667,2014-10-01
APARINDS.NS,Capital Goods,,62847292.19958267,182.8334967803955,334.75885009765625,True,3.43691801965116,1.9838232654982808,3.029997118615265,True,True,True,True,0.963276836158192,7,0.06666666666666667,2014-10-01
ATUL.NS,Chemicals,,123306856.41296285,730.4328128051758,1325.1690673828125,True,3.33638745925943,2.1324542800788726,2.9294665582235346,True,True,True,True,0.9562146892655368,8,0.06666666666666667,2014-10-01
CENTURYPLY.NS,Consumer Durables,,54226468.8007679,51.90101058959961,110.82270050048828,True,3.1084861296283925,3.2267156775379533,2.7015652285924974,True,True,True,True,0.9519774011299436,9,0.06666666666666667,2014-10-01
CCL.NS,Fast Moving Consumer Goods,,76236988.71591543,54.24660182952881,101.34850311279295,True,3.3373610143140944,1.3175752811296007,2.930440113278199,True,True,True,True,0.9505649717514124,10,0.06666666666666667,2014-10-01
AUROPHARMA.NS,Healthcare,,1337136125.0588572,286.81412605285647,457.2113037109375,True,4.188544433355443,0.8577449179667216,3.781623532319548,True,True,True,True,0.9449152542372882,11,0.06666666666666667,2014-10-01
BEML.NS,Capital Goods,,107053402.69996236,177.6732043838501,239.1005859375,True,3.27941080081974,1.1093111471314798,2.8724898997838446,True,True,True,True,0.9364406779661016,12,0.06666666666666667,2014-10-01
FINCABLES.NS,Capital Goods,,65865536.40926082,129.60229721069337,192.7223358154297,True,3.07259358596992,0.9337492010811939,2.665672684934025,True,True,True,True,0.9194915254237288,13,0.06666666666666667,2014-10-01
GPPL.NS,Services,,112871964.60620867,66.67700038909912,108.70067596435548,True,2.784599017698951,0.9923625901441533,2.3776781166630556,True,True,True,True,0.9138418079096046,14,0.06666666666666667,2014-10-01
EICHERMOT.NS,Automobile and Auto Components,,445712640.7534078,649.919044342041,1106.291748046875,True,2.5523308547708736,1.022587204378179,2.1454099537349784,True,True,True,True,0.9110169491525424,15,0.06666666666666667,2014-10-01
NBCC.NS,Construction,,654442875.3945705,13.45010125398636,33.63526916503906,True,6.435135914852433,4.029134402310806,5.985509395631465,True,True,True,True,1.0,1,0.06666666666666667,2014-11-03
TVSMOTOR.NS,Automobile and Auto Components,,668354662.2334139,129.61491172790528,241.59747314453125,True,4.320039728940033,2.0023396444730226,3.8704132097190653,True,True,True,True,0.9848901098901099,2,0.06666666666666667,2014-11-03
CEATLTD.NS,Automobile and Auto Components,,567395973.3990728,453.43192253112795,776.9896850585938,True,5.037883211947138,1.2624570930742172,4.58825669272617,True,True,True,True,0.9835164835164836,3,0.06666666666666667,2014-11-03
JKLAKSHMI.NS,Construction Materials,,132661815.92751871,180.57281524658202,345.5156555175781,True,4.256130256370736,2.1527822429452406,3.806503737149768,True,True,True,True,0.9821428571428572,4,0.06666666666666667,2014-11-03
SRF.NS,Chemicals,,244653091.81707892,88.20127229690551,160.62416076660156,True,4.370103926959263,1.1814589362049572,3.9204774077382956,True,True,True,True,0.9780219780219781,5,0.06666666666666667,2014-11-03
GRANULES.NS,Healthcare,,153734412.58113798,44.48526925086975,75.71612548828125,True,3.8806654573931487,1.5730903239832266,3.431038938172181,True,True,True,True,0.9752747252747253,6,0.06666666666666667,2014-11-03
CCL.NS,Fast Moving Consumer Goods,,101154773.67578468,60.90335826873779,115.5674057006836,True,3.73429227255406,1.416686144082676,3.2846657533330923,True,True,True,True,0.967032967032967,7,0.06666666666666667,2014-11-03
ATUL.NS,Chemicals,,91684487.00801188,808.0921350097656,1216.597900390625,True,2.5691354657941003,1.4992611704940142,2.1195089465731325,True,True,True,True,0.9478021978021978,8,0.06666666666666667,2014-11-03
NCC.NS,Construction,,106705530.24809809,30.39473961830139,52.61478042602539,True,3.193707515130858,0.8061621645688308,2.74408099590989,True,True,True,True,0.9354395604395604,9,0.06666666666666667,2014-11-03
STLTECH.NS,Telecommunication,,53511731.45496483,41.20060546875,65.1052474975586,True,2.3091998429448806,1.4016603265293832,1.8595733237239125,True,True,True,True,0.9326923076923077,10,0.06666666666666667,2014-11-03
JKCEMENT.NS,Construction Materials,,59939121.557583615,314.06969360351565,562.285400390625,True,2.257523167792525,1.5464935241555193,1.807896648571557,True,True,True,True,0.9326923076923076,11,0.06666666666666667,2014-11-03
FINCABLES.NS,Capital Goods,,56926310.71164907,140.77545833587646,202.3832855224609,True,2.833824795932097,0.9047850947169296,2.384198276711129,True,True,True,True,0.929945054945055,12,0.06666666666666667,2014-11-03
EICHERMOT.NS,Automobile and Auto Components,,540081319.4071757,706.8909013366699,1180.28662109375,True,2.3404631658954433,1.0912025156092806,1.8908366466744753,True,True,True,True,0.9271978021978022,13,0.06666666666666667,2014-11-03
AUROPHARMA.NS,Healthcare,,1391640856.1568644,311.38055366516113,457.3056640625,True,3.46619933237959,0.6794532320497906,3.0165728131586222,True,True,True,True,0.9258241758241759,14,0.06666666666666667,2014-11-03
GPPL.NS,Services,,91417438.28478889,72.52923711776734,106.26444244384766,True,2.526596531206482,0.9150776883980605,2.076970011985514,True,True,True,True,0.9230769230769231,15,0.06666666666666667,2014-11-03
CENTURYPLY.NS,Consumer Durables,,71237339.42551358,70.10327958106994,162.75294494628906,True,5.487334519759098,2.1064468259526716,4.988185189295647,True,True,True,True,0.9986559139784946,1,0.06666666666666667,2014-12-01
NBCC.NS,Construction,,766570085.5528967,15.807545745372773,31.503402709960938,True,5.339096856003916,1.7555111119786284,4.839947525540467,True,True,True,True,0.9932795698924731,2,0.06666666666666667,2014-12-01
JKLAKSHMI.NS,Construction Materials,,114322178.76507162,207.3842792892456,365.9867858886719,True,4.726388755174738,1.2709516608362144,4.227239424711287,True,True,True,True,0.9865591397849462,3,0.06666666666666667,2014-12-01
CCL.NS,Fast Moving Consumer Goods,,118187152.22507325,68.61358682632446,129.56483459472656,True,4.443552223910323,1.319021342935336,3.9444028934468727,True,True,True,True,0.9838709677419355,4,0.06666666666666667,2014-12-01
SUNDRMFAST.NS,Automobile and Auto Components,,53606658.510120265,93.57211126327515,171.43902587890625,True,3.9180339206661836,1.179331280165301,3.4188845902027336,True,True,True,True,0.9731182795698925,5,0.06666666666666667,2014-12-01
SRF.NS,Chemicals,,339206902.45274353,99.33170122146606,168.0032196044922,True,4.312892768887544,1.039209312873933,3.8137434384240936,True,True,True,True,0.9690860215053764,6,0.06666666666666667,2014-12-01
GRANULES.NS,Healthcare,,144364724.47530493,49.32424179077148,73.14032745361328,True,3.657185931912456,1.1129072570122789,3.1580366014490058,True,True,True,True,0.9610215053763441,7,0.06666666666666667,2014-12-01
BBTC.NS,Fast Moving Consumer Goods,,109437437.56814398,166.0470552444458,436.0766296386719,True,3.0033743039219907,2.567331884908317,2.5042249734585407,True,True,True,True,0.9556451612903226,8,0.06666666666666667,2014-12-01
CEATLTD.NS,Automobile and Auto Components,,630820710.1384176,500.27464607238767,814.3670043945312,True,3.145759810090201,1.0659033081638283,2.646610479626751,True,True,True,True,0.9502688172043011,9,0.06666666666666667,2014-12-01
WHIRLPOOL.NS,Consumer Durables,,87774290.69284464,331.14977523803714,607.61328125,True,3.008681263556924,1.1329338484585665,2.509531933093474,True,True,True,True,0.9502688172043011,10,0.06666666666666667,2014-12-01
TVSMOTOR.NS,Automobile and Auto Components,,712110273.6975904,143.84848739624024,213.6759796142578,True,3.6811784019808513,0.777433168092037,3.1820290715174013,True,True,True,True,0.9475806451612904,11,0.06666666666666667,2014-12-01
AUROPHARMA.NS,Healthcare,,1475748287.3332286,339.9690518188477,515.1033935546875,True,2.948029991531536,0.766668306453048,2.448880661068086,True,True,True,True,0.9220430107526881,12,0.06666666666666667,2014-12-01
EICHERMOT.NS,Automobile and Auto Components,,665883452.2526855,780.5604901123047,1341.6240234375,True,2.4666975782508613,0.9910999481779912,1.9675482477874113,True,True,True,True,0.9206989247311828,13,0.06666666666666667,2014-12-01
ASHOKLEY.NS,Capital Goods,,623232490.1636242,13.128415358066558,21.34618759155273,True,2.4136799451812694,0.8131485938420291,1.9145306147178194,True,True,True,True,0.9099462365591398,14,0.06666666666666667,2014-12-01
JKCEMENT.NS,Construction Materials,,62327472.27193349,352.4919129943848,576.7102661132812,True,2.2822754808438828,0.9290211303167368,1.7831261503804328,True,True,True,True,0.9032258064516129,15,0.06666666666666667,2014-12-01
NBCC.NS,Construction,,610643353.3986105,18.765856223106383,32.62019348144531,True,5.060943355772246,1.7181083831027713,4.636710775069956,True,True,True,True,1.0,1,0.06666666666666667,2015-01-01
CENTURYPLY.NS,Consumer Durables,,65658029.20473658,83.94520586967468,151.49900817871094,True,5.050125734032494,1.1914165697996189,4.625893153330203,True,True,True,True,0.9908536585365855,2,0.06666666666666667,2015-01-01
CCL.NS,Fast Moving Consumer Goods,,86428502.0113191,79.9251895904541,147.06163024902344,True,3.4237298851992586,1.62197826532883,2.9994973044969684,True,True,True,True,0.975609756097561,3,0.06666666666666667,2015-01-01
JKLAKSHMI.NS,Construction Materials,,95635915.21860911,240.92941856384277,381.98724365234375,True,4.524138064195095,0.9635180048318674,4.099905483492805,True,True,True,True,0.975609756097561,4,0.06666666666666667,2015-01-01
NCC.NS,Construction,,328707164.6051478,39.934080057144165,71.9759521484375,True,3.8695789969276824,0.9260795471829701,3.445346416225392,True,True,True,True,0.9695121951219512,5,0.06666666666666667,2015-01-01
TVSMOTOR.NS,Automobile and Auto Components,,661536591.2317078,161.22847930908202,250.267578125,True,3.6772203202198543,0.8904930704933425,3.252987739517564,True,True,True,True,0.9634146341463414,6,0.06666666666666667,2015-01-01
BBTC.NS,Fast Moving Consumer Goods,,136320218.775561,200.5598525619507,355.9571838378906,True,2.341843369352539,1.5391564688107189,1.917610788650249,True,True,True,True,0.9466463414634146,7,0.06666666666666667,2015-01-01
GRANULES.NS,Healthcare,,119124431.91762416,54.464394626617434,77.56936645507812,True,3.289139741875526,0.7398114645766467,2.8649071611732357,True,True,True,True,0.9466463414634146,8,0.06666666666666667,2015-01-01
SRF.NS,Chemicals,,358250823.8030141,112.9310926246643,164.94981384277344,True,3.0917690351660116,0.7629619107696064,2.6675364544637215,True,True,True,True,0.9451219512195121,9,0.06666666666666667,2015-01-01
GPPL.NS,Services,,107549608.76648916,86.55550033569335,132.55001831054688,True,2.3949089641437378,0.8353300697207124,1.9706763834414476,True,True,True,True,0.9344512195121951,10,0.06666666666666667,2015-01-01
TIMKEN.NS,Capital Goods,,111212113.4585144,307.904158782959,479.779541015625,True,2.2001862943195802,1.006634315793585,1.77595371361729,True,True,True,True,0.9192073170731708,11,0.06666666666666667,2015-01-01
WHIRLPOOL.NS,Consumer Durables,,97736961.5920222,378.30767837524417,633.2007446289062,True,2.0605421372632224,1.0777228357306226,1.6363095565609322,True,True,True,True,0.9176829268292683,12,0.06666666666666667,2015-01-01
EICHERMOT.NS,Automobile and Auto Components,,714242159.1149496,881.4749584960938,1393.02978515625,True,2.056124011410151,1.1115517797119168,1.631891430707861,True,True,True,True,0.9146341463414634,13,0.06666666666666667,2015-01-01
ATUL.NS,Chemicals,,56631564.79522095,977.4381845092773,1323.6431884765625,True,2.4424247138200523,0.562711087635912,2.018192133117762,True,True,True,True,0.9115853658536586,14,0.06666666666666667,2015-01-01
FINCABLES.NS,Capital Goods,,69364757.52658132,172.54878547668457,236.9189300537109,True,2.298140914755204,0.6143265837519718,1.873908334052914,True,True,True,True,0.9100609756097561,15,0.06666666666666667,2015-01-01
CENTURYPLY.NS,Consumer Durables,,102362435.25301819,98.55426012039185,175.95933532714844,True,6.4626215584313265,1.011488241999475,5.999940186737683,True,True,True,True,0.9970414201183432,1,0.06666666666666667,2015-02-02
NBCC.NS,Construction,,473260321.91790926,21.58612205982208,35.11302947998047,True,5.152023590397553,0.9510852492667006,4.689342218703909,True,True,True,True,0.985207100591716,2,0.06666666666666667,2015-02-02
JKLAKSHMI.NS,Construction Materials,,89308741.57120208,270.4647301864624,364.5279541015625,True,4.092598725214442,0.7611851942720445,3.6299173535207983,True,True,True,True,0.9659763313609467,3,0.06666666666666667,2015-02-02
CCL.NS,Fast Moving Consumer Goods,,75269624.3031779,92.22404756546021,169.0322723388672,True,3.282969379300533,1.706382611739956,2.820288007606889,True,True,True,True,0.9630177514792899,4,0.06666666666666667,2015-02-02
TVSMOTOR.NS,Automobile and Auto Components,,774058540.041951,181.55285255432128,287.3252258300781,True,3.384503287711646,0.8350695542491764,2.9218219160180023,True,True,True,True,0.9585798816568047,5,0.06666666666666667,2015-02-02
SRF.NS,Chemicals,,305127068.66979855,124.82576396942139,178.9916534423828,True,3.668648884810758,0.6637226768859938,3.2059675131171144,True,True,True,True,0.9526627218934911,6,0.06666666666666667,2015-02-02
BBTC.NS,Fast Moving Consumer Goods,,179910648.11283314,236.98009231567383,417.27056884765625,True,3.0438436519607537,1.925188120243777,2.58116228026711,True,True,True,True,0.9511834319526626,7,0.06666666666666667,2015-02-02
NCC.NS,Construction,,358817593.92970693,45.145925769805906,66.90412139892578,True,3.4138826104715525,0.7188273703231365,2.9512012387779087,True,True,True,True,0.9467455621301776,8,0.06666666666666667,2015-02-02
ASHOKLEY.NS,Capital Goods,,856606903.2058566,16.470784463882445,26.764209747314453,True,2.8991094278386464,0.9789155853405032,2.4364280561450027,True,True,True,True,0.9378698224852071,9,0.06666666666666667,2015-02-02
WHIRLPOOL.NS,Consumer Durables,,122305028.68995158,425.87254074096677,657.0821533203125,True,2.5395118095687126,0.9699006297180939,2.076830437875069,True,True,True,True,0.9319526627218935,10,0.06666666666666667,2015-02-02
BEL.NS,Capital Goods,,576286349.608481,17.220096821784974,27.818056106567383,True,2.4044426112718638,0.8288939495483558,1.9417612395782202,True,True,True,True,0.9082840236686391,11,0.06666666666666667,2015-02-02
EICHERMOT.NS,Automobile and Auto Components,,770576068.8108724,974.4968994140625,1504.0008544921875,True,2.3089203902883924,0.9066693015839216,1.8462390185947488,True,True,True,True,0.9038461538461539,12,0.06666666666666667,2015-02-02
CIEINDIA.NS,Automobile and Auto Components,,100211353.45204367,164.61905319213867,207.8202209472656,True,3.5298359495474463,0.41076574226369367,3.0671545778538025,True,True,True,True,0.8934911242603549,13,0.06666666666666667,2015-02-02
CANFINHOME.NS,Financial Services,,64918527.288118236,71.54208501815796,113.9189910888672,True,3.140356734302392,0.4821906410372603,2.677675362608748,True,True,True,True,0.8890532544378699,14,0.06666666666666667,2015-02-02
AUROPHARMA.NS,Healthcare,,1099274677.946514,403.87328285217285,589.192138671875,True,2.2563897504246397,0.7381885740759848,1.7937083787309962,True,True,True,True,0.8831360946745561,15,0.06666666666666667,2015-02-02
CENTURYPLY.NS,Consumer Durables,,125738989.7816269,113.73610458374023,217.1840362548828,True,9.055682065652707,1.5888151492917642,8.521445084563917,True,True,True,True,0.9967532467532467,1,0.06666666666666667,2015-03-02
TITAGARH.NS,Capital Goods,,429667009.5493638,55.038995323181155,123.56629180908205,True,5.722922920990797,1.9768776650191247,5.188685939902006,True,True,True,True,0.9935064935064936,2,0.06666666666666667,2015-03-02
NBCC.NS,Construction,,475447299.6894808,23.914986486434938,34.04010772705078,True,5.301667988575529,0.8811563509984133,4.7674310074867385,True,True,True,True,0.9772727272727273,3,0.06666666666666667,2015-03-02
HBLENGINE.NS,Automobile and Auto Components,,84901799.2114605,22.180152468681335,51.245365142822266,True,4.01857589968127,2.1755963729123433,3.484338918592479,True,True,True,True,0.9707792207792209,4,0.06666666666666667,2015-03-02
NCC.NS,Construction,,390878399.0849197,49.00356040000916,67.34515380859375,True,4.200409926248035,0.6995144664656863,3.666172945159244,True,True,True,True,0.9594155844155845,5,0.06666666666666667,2015-03-02
BEML.NS,Capital Goods,,625912648.3254725,276.82288665771483,380.9784851074219,True,4.0496164876679535,0.7444366480146225,3.5153795065791624,True,True,True,True,0.9577922077922079,6,0.06666666666666667,2015-03-02
CCL.NS,Fast Moving Consumer Goods,,56466241.18470586,102.05687879562377,150.38385009765625,True,3.3309279472900215,0.8977082253837998,2.7966909662012305,True,True,True,True,0.9448051948051949,7,0.06666666666666667,2015-03-02
BBTC.NS,Fast Moving Consumer Goods,,135920214.15571594,268.0275804519653,409.8547668457031,True,3.22269201736822,1.1737788628050367,2.688455036279429,True,True,True,True,0.9399350649350651,8,0.06666666666666667,2015-03-02
ASHOKLEY.NS,Capital Goods,,832541695.952454,18.096598176956178,27.2530574798584,True,3.316129597910755,0.8008076912024851,2.7818926168219638,True,True,True,True,0.935064935064935,9,0.06666666666666667,2015-03-02
BEL.NS,Capital Goods,,821344820.6025212,19.137992672920227,31.403289794921875,True,2.9768988020355307,1.1237049852228185,2.4426618209467397,True,True,True,True,0.9334415584415585,10,0.06666666666666667,2015-03-02
CANFINHOME.NS,Financial Services,,67210214.953891,78.48804363250733,115.34734344482422,True,2.8982213219622808,0.7916163277949613,2.3639843408734897,True,True,True,True,0.9172077922077922,11,0.06666666666666667,2015-03-02
SAMMAANCAP.NS,Financial Services,,538709942.1286031,273.72398963928225,410.6422119140625,True,2.595798776029254,0.6638768091099254,2.061561794940463,True,True,True,True,0.8977272727272727,12,0.06666666666666667,2015-03-02
SRF.NS,Chemicals,,188939545.27864328,134.89562015533448,179.22463989257812,True,3.5459172566122508,0.42630951650909754,3.0116802755234597,True,True,True,True,0.8912337662337663,13,0.06666666666666667,2015-03-02
TVSMOTOR.NS,Automobile and Auto Components,,810609306.6328949,199.27366485595704,263.57330322265625,True,2.548726541499881,0.5945991554326007,2.01448956041109,True,True,True,True,0.8766233766233765,14,0.06666666666666667,2015-03-02
WHIRLPOOL.NS,Consumer Durables,,91353917.71192627,468.1537461090088,659.616455078125,True,2.8591386517581157,0.4776720171969171,2.3249016706693246,True,True,True,True,0.875,15,0.06666666666666667,2015-03-02
CENTURYPLY.NS,Consumer Durables,,133830850.83868764,132.48722681045533,223.7436370849609,True,8.303140911617541,0.8708137179232742,7.909517888960589,True,True,True,True,0.9929577464788732,1,0.06666666666666667,2015-04-01
NCC.NS,Construction,,474987118.93642724,53.92516293525696,98.83464813232422,True,4.826999213175824,1.4122714646725627,4.433376190518872,True,True,True,True,0.9841549295774649,2,0.06666666666666667,2015-04-01
HBLENGINE.NS,Automobile and Auto Components,,75646824.91353562,25.502916269302368,46.928993225097656,True,4.656446231098478,1.716288918377666,4.262823208441525,True,True,True,True,0.9841549295774648,3,0.06666666666666667,2015-04-01
TITAGARH.NS,Capital Goods,,685694889.6904265,64.14151437759399,111.12090301513672,True,4.622451218954336,1.509368282595379,4.228828196297384,True,True,True,True,0.977112676056338,4,0.06666666666666667,2015-04-01
ASHOKLEY.NS,Capital Goods,,965962275.3112231,19.930883555412294,29.86022186279297,True,3.1885707593173684,0.8486756143444518,2.794947736660416,True,True,True,True,0.9595070422535211,5,0.06666666666666667,2015-04-01
BBTC.NS,Fast Moving Consumer Goods,,136370110.1505427,303.51640563964844,426.57666015625,True,3.6418325225328587,0.6652792183207039,3.248209499875906,True,True,True,True,0.9524647887323945,6,0.06666666666666667,2015-04-01
NBCC.NS,Construction,,550346129.8616718,26.863897047042848,38.17023086547852,True,5.109066787430378,0.43413728184028755,4.7154437647734255,True,True,True,True,0.9454225352112675,7,0.06666666666666667,2015-04-01
BEML.NS,Capital Goods,,619830143.0973827,297.0773401641846,426.5279235839844,True,3.1218318034144206,0.6647696438874646,2.728208780757468,True,True,True,True,0.9401408450704225,8,0.06666666666666667,2015-04-01
WHIRLPOOL.NS,Consumer Durables,,101896447.26510315,513.8192990112304,716.8833618164062,True,2.5814461149473793,0.714135916447123,2.1878230922904267,True,True,True,True,0.9330985915492958,9,0.06666666666666667,2015-04-01
SPARC.NS,Healthcare,,1255011607.0194142,237.53257743835448,488.7247314453125,True,2.1920209700878064,1.4825933573068584,1.7983979474308538,True,True,True,True,0.9172535211267606,10,0.06666666666666667,2015-04-01
BEL.NS,Capital Goods,,837221048.7464292,20.78036021232605,27.922643661499023,True,2.307005236493851,0.5873698142140091,1.9133822138368983,True,True,True,True,0.9102112676056339,11,0.06666666666666667,2015-04-01
CANFINHOME.NS,Financial Services,,68506482.42833811,84.91712705612183,111.94691467285156,True,2.5578070362503076,0.5145797244523223,2.164184013593355,True,True,True,True,0.9066901408450704,12,0.06666666666666667,2015-04-01
AJANTPHARM.NS,Healthcare,,177499948.80682883,500.3130212402344,740.5416259765625,True,2.073036654717832,0.7714037141558383,1.6794136320608795,True,True,True,True,0.897887323943662,13,0.06666666666666667,2015-04-01
BHARATFORG.NS,Automobile and Auto Components,,961052855.5020314,412.6241279602051,588.9510498046875,True,2.286242733718314,0.504808408697546,1.8926197110613616,True,True,True,True,0.8890845070422535,14,0.06666666666666667,2015-04-01
TIMKEN.NS,Capital Goods,,68674397.95105185,403.2260511779785,570.5814819335938,True,2.2193363214554016,0.46864451646654604,1.825713298798449,True,True,True,True,0.8820422535211269,15,0.06666666666666667,2015-04-01
CENTURYPLY.NS,Consumer Durables,,113011022.87978618,146.87239295959472,195.63804626464844,True,5.585092187148402,0.7970279103897833,5.315812321399514,True,True,True,True,0.9831932773109244,1,0.06666666666666667,2015-05-04
AEGISLOG.NS,Oil Gas & Consumable Fuels,,62904686.74205589,38.27193918228149,62.53420639038086,True,3.392906672787218,1.177978379472144,3.1236268070383306,True,True,True,True,0.9831932773109243,2,0.06666666666666667,2015-05-04
TITAGARH.NS,Capital Goods,,751162097.8105068,69.25132076263428,100.86551666259766,True,3.1164051369420234,1.415107495811902,2.847125271193136,True,True,True,True,0.9789915966386555,3,0.06666666666666667,2015-05-04
HBLENGINE.NS,Automobile and Auto Components,,80665903.74334411,28.880393385887146,46.286128997802734,True,2.7746135056505827,1.8602004464160484,2.5053336399016954,True,True,True,True,0.9684873949579833,4,0.06666666666666667,2015-05-04
BBTC.NS,Fast Moving Consumer Goods,,107649530.22805125,331.36667739868165,406.2680969238281,True,3.0882069986390395,0.7144612849335548,2.818927132890152,True,True,True,True,0.9537815126050421,5,0.06666666666666667,2015-05-04
NCC.NS,Construction,,530519835.25207007,58.622054452896116,80.1791000366211,True,2.2762243675623943,1.109048557203427,2.006944501813507,True,True,True,True,0.9516806722689075,6,0.06666666666666667,2015-05-04
AJANTPHARM.NS,Healthcare,,188953452.923466,545.8305500793457,761.0285034179688,True,2.2365408259029356,0.7809300358815805,1.9672609601540483,True,True,True,True,0.9369747899159664,7,0.06666666666666667,2015-05-04
WHIRLPOOL.NS,Consumer Durables,,83873589.45844117,553.2191299438476,682.6206665039062,True,2.1027908676485696,0.6707620594636783,1.8335110018996823,True,True,True,True,0.9159663865546219,8,0.06666666666666667,2015-05-04
NATCOPHARM.NS,Healthcare,,359095754.80317813,271.96408554077146,392.5757141113281,True,2.0362387134614726,0.6244916092358928,1.7669588477125853,True,True,True,True,0.8907563025210085,9,0.06666666666666667,2015-05-04
ASHOKLEY.NS,Capital Goods,,837829585.946767,21.377047238349913,28.352956771850582,True,2.052631351975631,0.5746606905233593,1.7833514862267439,True,True,True,True,0.8886554621848739,10,0.06666666666666667,2015-05-04
SPARC.NS,Healthcare,,1108078498.3288825,265.9887119293213,395.6082763671875,True,1.6866778866395862,1.1129972483406956,1.4173980208906989,True,True,True,True,0.884453781512605,11,0.06666666666666667,2015-05-04
TIMKEN.NS,Capital Goods,,71750854.1165751,435.3370463562012,553.5882568359375,True,2.0959160742989957,0.5261892342122534,1.8266362085501084,True,True,True,True,0.884453781512605,12,0.06666666666666667,2015-05-04
BHARATFORG.NS,Automobile and Auto Components,,1069588054.1486827,442.2103561401367,578.7573852539062,True,2.003827025177714,0.6667179623153632,1.7345471594288266,True,True,True,True,0.8760504201680672,13,0.06666666666666667,2015-05-04
BAYERCROP.NS,Chemicals,,88690826.44612223,2396.6441357421877,3177.134765625,True,1.6556025606831755,0.6762678894636869,1.3863226949342882,True,True,True,True,0.8613445378151261,14,0.06666666666666667,2015-05-04
PIIND.NS,Chemicals,,107265913.45852712,477.66296005249023,631.9766845703125,True,1.6464881106763687,0.6202803531086507,1.3772082449274814,True,True,True,True,0.8445378151260504,15,0.06666666666666667,2015-05-04
AEGISLOG.NS,Oil Gas & Consumable Fuels,,67088613.47165934,42.12226670265198,63.8486557006836,True,3.281488590868756,0.5812360771272829,3.0342706637310255,True,True,True,True,0.966,1,0.06666666666666667,2015-06-01
AJANTPHARM.NS,Healthcare,,225746858.8132304,590.924907989502,951.8280639648438,True,2.78630478127853,0.6660515869942272,2.5390868541407996,True,True,True,True,0.966,2,0.06666666666666667,2015-06-01
CENTURYPLY.NS,Consumer Durables,,103773148.35812226,157.17945594787597,200.42605590820312,True,3.5798927143509784,0.44533053637605136,3.332674787213248,True,True,True,True,0.95,3,0.06666666666666667,2015-06-01
WELSPUNLIV.NS,Textiles,,81587827.63071346,31.241885805130003,51.10395050048828,True,3.6647292672319383,0.43298728232042083,3.4175113400942077,True,True,True,True,0.948,4,0.06666666666666667,2015-06-01
CANFINHOME.NS,Financial Services,,51160423.68196169,97.06405717849731,125.60393524169922,True,2.1591631589445925,0.4847646026446466,1.911945231806862,True,True,True,True,0.942,5,0.06666666666666667,2015-06-01
NATCOPHARM.NS,Healthcare,,419296460.50208026,292.85624633789064,406.4116516113281,True,1.9307118971111334,0.6719350424345905,1.6834939699734028,True,True,True,True,0.9319999999999999,6,0.06666666666666667,2015-06-01
PAGEIND.NS,Textiles,,108555465.39711913,9751.280871582032,14484.4521484375,True,1.7369032027704723,0.7152182716955107,1.4896852756327417,True,True,True,True,0.9239999999999999,7,0.06666666666666667,2015-06-01
BRITANNIA.NS,Fast Moving Consumer Goods,,383593045.3808431,780.2001112365723,1105.444580078125,True,1.9823781923317014,0.5398626285312211,1.7351602651939708,True,True,True,True,0.922,8,0.06666666666666667,2015-06-01
SPARC.NS,Healthcare,,993847659.6960301,289.24795600891116,411.0531921386719,True,1.661414794618206,1.2083778198669206,1.4141968674804755,True,True,True,True,0.9159999999999999,9,0.06666666666666667,2015-06-01
BBTC.NS,Fast Moving Consumer Goods,,113404566.64624685,360.50404747009276,530.5428466796875,True,4.058808466407841,0.24005878157901384,3.8115905392701106,True,True,True,True,0.896,10,0.06666666666666667,2015-06-01
TATAELXSI.NS,Information Technology,,800724565.8433095,358.7789739227295,549.4476928710938,True,1.650018030535633,1.083504978907817,1.4028001033979023,True,True,True,True,0.8899999999999999,11,0.06666666666666667,2015-06-01
EICHERMOT.NS,Automobile and Auto Components,,1718506151.9035847,1305.729426574707,1751.6488037109375,True,1.986706721132748,0.29645671176563604,1.7394887939950174,True,True,True,True,0.878,12,0.06666666666666667,2015-06-01
MASTEK.NS,Information Technology,,202086776.13321024,288.4553742980957,360.5172729492188,True,1.645258904835948,0.5512002521642714,1.3980409776982174,True,True,True,True,0.864,13,0.06666666666666667,2015-06-01
TIMKEN.NS,Capital Goods,,62796714.38423055,462.5174085998535,582.2525634765625,True,1.8950848696751041,0.3007924304548173,1.6478669425373735,True,True,True,True,0.862,14,0.06666666666666667,2015-06-01
BEL.NS,Capital Goods,,543209333.3500397,22.967156558036805,29.82944107055664,True,1.5532525067695593,0.5564613693643627,1.3060345796318287,True,True,True,True,0.86,15,0.06666666666666667,2015-06-01
AEGISLOG.NS,Oil Gas & Consumable Fuels,,55085401.20487531,46.10998430252075,71.86195373535156,True,2.7076382562103527,0.8443931737152497,2.5688663850251174,True,True,True,True,0.9889380530973452,1,0.06666666666666667,2015-07-01
WELSPUNLIV.NS,Textiles,,101461656.30128796,34.701686458587645,58.89115524291992,True,2.7044406903238647,1.0085849713950297,2.5656688191386294,True,True,True,True,0.9845132743362832,2,0.06666666666666667,2015-07-01
AJANTPHARM.NS,Healthcare,,263897381.36695963,649.2119226074219,949.0702514648438,True,1.814140736111037,0.7421835960835967,1.675368864925802,True,True,True,True,0.9424778761061947,3,0.06666666666666667,2015-07-01
BRITANNIA.NS,Fast Moving Consumer Goods,,413532623.3557617,849.7262094116211,1200.2545166015625,True,1.9506865477072277,0.5739716162820228,1.8119146765219927,True,True,True,True,0.9402654867256637,4,0.06666666666666667,2015-07-01
BAJFINANCE.NS,Financial Services,,194311132.29112625,36.033249835968014,52.5070686340332,True,1.7876882820454787,0.5894063311300093,1.6489164108602437,True,True,True,True,0.918141592920354,5,0.06666666666666667,2015-07-01
BBTC.NS,Fast Moving Consumer Goods,,88287281.53859507,391.5989224243164,491.8161010742188,True,2.3328104650856196,0.35203205447112396,2.194038593900385,True,True,True,True,0.90929203539823,6,0.06666666666666667,2015-07-01
CANFINHOME.NS,Financial Services,,57983644.34252802,103.90963920593262,143.6474609375,True,1.5144387359163316,0.7006094702043162,1.3756668647310966,True,True,True,True,0.9048672566371682,7,0.06666666666666667,2015-07-01
SPARC.NS,Healthcare,,456203718.9115835,313.2345015716553,390.3937683105469,True,1.3756423372561457,1.1799778754558403,1.2368704660709107,True,True,True,True,0.9026548672566372,8,0.06666666666666667,2015-07-01
NATCOPHARM.NS,Healthcare,,290954201.8780823,313.1413609313965,419.2927856445313,True,1.4152796646162242,0.6691464236666385,1.2765077934309892,True,True,True,True,0.8871681415929203,9,0.06666666666666667,2015-07-01
RAJESHEXPO.NS,Consumer Durables,,96597253.1538096,179.00799419403077,322.1777038574219,True,1.2276505778384923,1.3509718443285363,1.0888787066532573,True,True,True,True,0.8849557522123893,10,0.06666666666666667,2015-07-01
TATAELXSI.NS,Information Technology,,554242077.6062164,385.5540132904053,522.4095458984375,True,1.2000355484635699,1.0477570279098338,1.0612636772783348,True,True,True,True,0.8672566371681416,11,0.06666666666666667,2015-07-01
SRF.NS,Chemicals,,161434229.98303732,171.9247924041748,233.4932098388672,True,1.486100118657573,0.44949481984672235,1.347328247472338,True,True,True,True,0.8606194690265486,12,0.06666666666666667,2015-07-01
APLLTD.NS,Healthcare,,108491780.25765178,410.0748728942871,589.0714721679688,True,1.360272449921061,0.5533037136320154,1.221500578735826,True,True,True,True,0.8561946902654867,13,0.06666666666666667,2015-07-01
EICHERMOT.NS,Automobile and Auto Components,,2103633323.937846,1398.6454144287109,1815.63330078125,True,1.7011321435906974,0.325308949385416,1.5623602724054624,True,True,True,True,0.8517699115044247,14,0.06666666666666667,2015-07-01
EMAMILTD.NS,Fast Moving Consumer Goods,,147396392.5793396,377.78351150512697,489.8370971679688,True,1.2902004394918265,0.4889589548351705,1.1514285683065915,True,True,True,True,0.845132743362832,15,0.06666666666666667,2015-07-01
WELSPUNLIV.NS,Textiles,,158662303.20895004,39.847588558197025,82.18287658691406,True,3.4646572158400195,1.5895241321134321,3.314684283129435,True,True,True,True,0.9961538461538462,1,0.06666666666666667,2015-08-03
KEI.NS,Capital Goods,,72804728.05869402,58.65232955932617,103.7871551513672,True,2.2523430713310013,1.0595580552395751,2.102370138620417,True,True,True,True,0.9673076923076923,2,0.06666666666666667,2015-08-03
RAJESHEXPO.NS,Consumer Durables,,343972735.3069834,211.4911047744751,513.4815673828125,True,2.1683083376297345,2.0551805929214364,2.01833540491915,True,True,True,True,0.9653846153846155,3,0.06666666666666667,2015-08-03
RKFORGE.NS,Automobile and Auto Components,,60333023.85510508,87.43818744659424,138.43264770507812,True,2.4266246499538404,0.5917618021430648,2.276651717243256,True,True,True,True,0.9615384615384616,4,0.06666666666666667,2015-08-03
TATAELXSI.NS,Information Technology,,746326716.8964467,423.9796019744873,753.8140258789062,True,1.7996692667423795,1.2702800127865932,1.6496963340317954,True,True,True,True,0.9538461538461538,5,0.06666666666666667,2015-08-03
BRITANNIA.NS,Fast Moving Consumer Goods,,463653744.27351075,924.8711752319336,1377.5921630859375,True,2.2254292289541198,0.6570481077227699,2.0754562962435354,True,True,True,True,0.9500000000000001,6,0.06666666666666667,2015-08-03
BBTC.NS,Fast Moving Consumer Goods,,109600686.56314646,423.1432315826416,590.6349487304688,True,3.1265667245086144,0.3786401003303932,2.97659379179803,True,True,True,True,0.948076923076923,7,0.06666666666666667,2015-08-03
CCL.NS,Fast Moving Consumer Goods,,78231311.69164607,153.46951148986815,217.08624267578125,True,2.333908787708538,0.31214079628250113,2.183935854997954,True,True,True,True,0.9211538461538462,8,0.06666666666666667,2015-08-03
AJANTPHARM.NS,Healthcare,,267834929.8998108,713.3405905151367,945.9853515625,True,1.6837753400059654,0.4619453360252428,1.5338024072953813,True,True,True,True,0.9173076923076924,9,0.06666666666666667,2015-08-03
TITAGARH.NS,Capital Goods,,79531039.36508344,87.20931312561035,112.29791259765624,True,1.462477492149961,0.5888615810817344,1.312504559439377,True,True,True,True,0.8961538461538462,10,0.06666666666666667,2015-08-03
SRF.NS,Chemicals,,215367249.18147278,184.64340644836426,263.5076904296875,True,1.4766424199826083,0.4344167352550712,1.3266694872720242,True,True,True,True,0.8903846153846153,11,0.06666666666666667,2015-08-03
HINDPETRO.NS,Oil Gas & Consumable Fuels,,681517870.5982118,56.80937091827393,82.71755981445312,True,1.4224161766757821,0.5432852194681623,1.272443243965198,True,True,True,True,0.8807692307692307,12,0.06666666666666667,2015-08-03
EMAMILTD.NS,Fast Moving Consumer Goods,,178188403.6778188,402.2118751525879,555.1358642578125,True,1.424656498958531,0.4144997740696674,1.274683566247947,True,True,True,True,0.8769230769230769,13,0.06666666666666667,2015-08-03
BAJFINANCE.NS,Financial Services,,282277794.97811,39.018102464675906,53.34577560424805,True,1.5324426616926683,0.27940321185737527,1.3824697289820842,True,True,True,True,0.8730769230769231,14,0.06666666666666667,2015-08-03
BEML.NS,Capital Goods,,370347994.89045006,377.3045764160156,590.8402099609375,True,1.1795972699211972,0.6644025765390928,1.029624337210613,True,True,True,True,0.8653846153846154,15,0.06666666666666667,2015-08-03
RAJESHEXPO.NS,Consumer Durables,,572432096.5019401,254.4508464050293,499.7183227539063,True,2.4564005098869224,2.006827108318084,2.402590899556529,True,True,True,True,0.9972527472527473,1,0.06666666666666667,2015-09-01
WELSPUNLIV.NS,Textiles,,210903371.67063713,44.92405882835388,70.70877838134766,True,2.426557449690373,1.1807974479707197,2.3727478393599792,True,True,True,True,0.9835164835164836,2,0.06666666666666667,2015-09-01
KEI.NS,Capital Goods,,97514126.92958952,66.0323999595642,101.17312622070312,True,2.243818403649789,0.8462898606375251,2.1900087933193957,True,True,True,True,0.9725274725274725,3,0.06666666666666667,2015-09-01
TATAELXSI.NS,Information Technology,,1351953338.4767048,482.1980182647705,812.7196655273438,True,2.1350162382533413,0.7637237095792313,2.081206627922948,True,True,True,True,0.9587912087912088,4,0.06666666666666667,2015-09-01
CHENNPETRO.NS,Oil Gas & Consumable Fuels,,541046671.4245355,86.7810235786438,177.66944885253906,True,1.465562835167141,2.014360464724945,1.4117532248367477,True,True,True,True,0.934065934065934,5,0.06666666666666667,2015-09-01
KPRMILL.NS,Textiles,,54438275.97485288,50.15103452682495,71.21898651123047,True,2.054206533072339,0.4504796661173589,2.0003969227419454,True,True,True,True,0.9230769230769231,6,0.06666666666666667,2015-09-01
RKFORGE.NS,Automobile and Auto Components,,75591587.01594098,96.36336311340332,124.05542755126952,True,1.636027453267808,0.44229845714925364,1.5822178429374147,True,True,True,True,0.9120879120879122,7,0.06666666666666667,2015-09-01
CCL.NS,Fast Moving Consumer Goods,,78586150.19714686,163.24562393188478,198.0169219970703,True,1.4987945274376182,0.3167432664377332,1.4449849171072249,True,True,True,True,0.8708791208791209,8,0.06666666666666667,2015-09-01
ASHOKLEY.NS,Capital Goods,,924664964.426046,27.974762439727783,37.04215240478516,True,1.4476443789300055,0.3591925394852111,1.3938347685996122,True,True,True,True,0.8598901098901098,9,0.06666666666666667,2015-09-01
BRITANNIA.NS,Fast Moving Consumer Goods,,577746258.1325562,1004.98435546875,1279.87451171875,True,1.3380946795334663,0.41411258390733807,1.284285069203073,True,True,True,True,0.8571428571428571,10,0.06666666666666667,2015-09-01
VTL.NS,Textiles,,53821647.27105013,104.61390804290771,161.29376220703125,True,1.1032576319223337,0.7841605141356587,1.0494480215919404,True,True,True,True,0.8543956043956042,11,0.06666666666666667,2015-09-01
JUBLPHARMA.NS,Healthcare,,299007209.6686966,121.60372714996338,244.77035522460932,True,1.0443507425414182,1.2719593368471793,0.9905411322110249,True,True,True,True,0.8461538461538463,12,0.06666666666666667,2015-09-01
AJANTPHARM.NS,Healthcare,,290288713.92925924,768.6195671081543,907.2119750976562,True,1.3258340253520609,0.3807068749514064,1.2720244150216675,True,True,True,True,0.8379120879120879,13,0.06666666666666667,2015-09-01
TORNTPHARM.NS,Healthcare,,200231122.49407145,524.2800929260254,693.728515625,True,1.1016414682471996,0.5480818630295206,1.0478318579168062,True,True,True,True,0.8269230769230769,14,0.06666666666666667,2015-09-01
BEML.NS,Capital Goods,,326831432.8766993,407.2666116333008,504.2516479492188,True,1.308883805489331,0.3235698803491185,1.2550741951589377,True,True,True,True,0.8214285714285714,15,0.06666666666666667,2015-09-01
RAJESHEXPO.NS,Consumer Durables,,690385663.4896774,284.3441121673584,556.3594970703125,True,2.948522844130405,1.8537946627736934,2.916920225317611,True,True,True,True,0.9975,1,0.06666666666666667,2015-10-01
WELSPUNLIV.NS,Textiles,,231676539.07280096,48.977822427749636,77.42374420166016,True,2.249350067388708,1.5073822677696538,2.2177474485759143,True,True,True,True,0.9875,2,0.06666666666666667,2015-10-01
TATAELXSI.NS,Information Technology,,1701368903.7895548,538.7178827667236,831.0654296875,True,2.1418263844935703,0.6267407101295674,2.110223765680776,True,True,True,True,0.96,3,0.06666666666666667,2015-10-01
KPRMILL.NS,Textiles,,58736848.665501274,53.965387134552,77.40592956542969,True,1.4835306904800358,0.7102903148589554,1.4519280716672418,True,True,True,True,0.9450000000000001,4,0.06666666666666667,2015-10-01
CAPLIPOINT.NS,Healthcare,,61347248.53128179,181.94326210021973,274.2362365722656,True,1.9032807879027986,0.4927810160981687,1.8716781690900046,True,True,True,True,0.9424999999999999,5,0.06666666666666667,2015-10-01
KEI.NS,Capital Goods,,95847111.0845618,71.14201036453247,93.8648910522461,True,1.6930963005509954,0.597223313999836,1.6614936817382013,True,True,True,True,0.94,6,0.06666666666666667,2015-10-01
JUBLPHARMA.NS,Healthcare,,411566891.1371582,135.79190856933593,260.1905822753906,True,1.237758264076433,1.4959326566503535,1.206155645263639,True,True,True,True,0.9325,7,0.06666666666666667,2015-10-01
CHENNPETRO.NS,Oil Gas & Consumable Fuels,,535188182.033845,96.86813131332397,171.5137176513672,True,1.1619782994778993,2.316964309427285,1.1303756806651053,True,True,True,True,0.9175000000000001,8,0.06666666666666667,2015-10-01
RKFORGE.NS,Automobile and Auto Components,,56170812.89405695,102.40057468414307,116.43716430664062,True,1.4640381003031036,0.4357664714260716,1.4324354814903095,True,True,True,True,0.9125,9,0.06666666666666667,2015-10-01
BRITANNIA.NS,Fast Moving Consumer Goods,,594222565.9752076,1060.0326651000976,1346.293701171875,True,1.1915129043138903,0.43335478176856124,1.1599102855010963,True,True,True,True,0.88,10,0.06666666666666667,2015-10-01
SAMMAANCAP.NS,Financial Services,,1526052646.9077826,402.7235861206055,529.0147094726562,True,1.1348576774192276,0.48718684771110676,1.1032550586064336,True,True,True,True,0.865,11,0.06666666666666667,2015-10-01
VTL.NS,Textiles,,61842479.75750542,113.3929479598999,165.73448181152344,True,0.9777225293478959,0.7550819909212723,0.9461199105351019,True,True,True,True,0.865,12,0.06666666666666667,2015-10-01
ASHOKLEY.NS,Capital Goods,,1139829565.098651,29.427755947113038,37.842071533203125,True,1.2629382899838562,0.25362517144811036,1.2313356711710621,True,True,True,True,0.8600000000000001,13,0.06666666666666667,2015-10-01
CCL.NS,Fast Moving Consumer Goods,,77247163.19702326,169.72819763183594,210.07476806640625,True,1.0276001848004435,0.38266949438087705,0.9959975659876494,True,True,True,True,0.845,14,0.06666666666666667,2015-10-01
GRANULES.NS,Healthcare,,344472277.98590076,86.97825889587402,132.86129760742188,True,0.8094454353532288,0.6795859905999719,0.7778428165404347,True,True,True,True,0.8275000000000001,15,0.06666666666666667,2015-10-01
RAJESHEXPO.NS,Consumer Durables,,705924122.2457428,332.26459838867186,637.6971435546875,True,4.089379907747947,1.7752311595833685,4.030930310988262,True,True,True,True,1.0,1,0.06666666666666667,2015-11-02
JUBLPHARMA.NS,Healthcare,,476240298.16257733,154.1036506652832,280.6824035644531,True,1.7306657284773124,1.7551842993994176,1.6722161317176274,True,True,True,True,0.9749999999999999,2,0.06666666666666667,2015-11-02
TATAELXSI.NS,Information Technology,,1550068543.53702,594.836199798584,807.4368286132812,True,2.0931311281823644,0.6776966592974154,2.034681531422679,True,True,True,True,0.9725,3,0.06666666666666667,2015-11-02
KEI.NS,Capital Goods,,55013234.87551778,76.96557939529418,100.03829193115234,True,2.2544207397850884,0.44312655321715444,2.195971143025403,True,True,True,True,0.9575,4,0.06666666666666667,2015-11-02
WELSPUNLIV.NS,Textiles,,203629444.70849228,53.21791283607483,66.394287109375,True,1.5561004924699087,0.5507606092500898,1.4976508957102237,True,True,True,True,0.9375,5,0.06666666666666667,2015-11-02
BRITANNIA.NS,Fast Moving Consumer Goods,,610603766.5171468,1122.115654296875,1411.773681640625,True,1.3361807593160644,0.47865445736600143,1.2777311625563794,True,True,True,True,0.9275,6,0.06666666666666667,2015-11-02
CHENNPETRO.NS,Oil Gas & Consumable Fuels,,535866484.9252592,109.0691520690918,165.05023193359375,True,1.1439281991220915,1.3493977957858574,1.0854786023624066,True,True,True,True,0.9275,7,0.06666666666666667,2015-11-02
ASHOKLEY.NS,Capital Goods,,1191296323.805032,31.17685068130493,38.43687057495117,True,1.134699024448841,0.35565651527082043,1.076249427689156,True,True,True,True,0.865,8,0.06666666666666667,2015-11-02
AARTIIND.NS,Chemicals,,54292117.57024549,85.07160474777221,118.74954223632812,True,0.9213288781788633,0.639475910888124,0.8628792814191784,True,True,True,True,0.855,9,0.06666666666666667,2015-11-02
GRANULES.NS,Healthcare,,274843746.5865161,93.9752124786377,139.4193878173828,True,0.8993672960238277,0.8086189098589347,0.8409176992641427,True,True,True,True,0.8549999999999999,10,0.06666666666666667,2015-11-02
KRBL.NS,Fast Moving Consumer Goods,,52001269.6132632,145.89186332702636,190.45733642578125,True,1.099593590810767,0.34120287358279455,1.041143994051082,True,True,True,True,0.85,11,0.06666666666666667,2015-11-02
SRF.NS,Chemicals,,233700560.18062338,208.51367835998536,251.607650756836,True,0.9918201740452244,0.36595847788701485,0.9333705772855394,True,True,True,True,0.845,12,0.06666666666666667,2015-11-02
AJANTPHARM.NS,Healthcare,,257737991.65922242,833.6064111328125,937.2144775390624,True,1.1932337693213522,0.23151034860034603,1.1347841725616672,True,True,True,True,0.8300000000000001,13,0.06666666666666667,2015-11-02
BAJAJFINSV.NS,Financial Services,,150178295.3476664,158.45725135803224,195.83795166015625,True,0.9387462203361436,0.37288984457583596,0.8802966235764587,True,True,True,True,0.8274999999999999,14,0.06666666666666667,2015-11-02
BAJFINANCE.NS,Financial Services,,373282445.8942795,45.178292465209964,50.54893112182617,True,0.9821844074410861,0.2957496385158336,0.9237348106814012,True,True,True,True,0.8049999999999999,15,0.06666666666666667,2015-11-02
RAJESHEXPO.NS,Consumer Durables,,702038600.8203309,378.17753326416016,697.179931640625,True,3.5707716366046007,2.0670201709421443,3.588431725888957,True,True,True,True,1.0,1,0.06666666666666667,2015-12-01
TATAELXSI.NS,Information Technology,,1130431019.5718017,637.7211097717285,894.6126098632812,True,2.3784594164781496,0.6595580650968573,2.396119505762506,True,True,True,True,0.979591836734694,2,0.06666666666666667,2015-12-01
JUBLPHARMA.NS,Healthcare,,369660112.29306436,169.56800033569337,283.8349304199219,True,2.064334884082585,1.4489598006644737,2.0819949733669416,True,True,True,True,0.9795918367346939,3,0.06666666666666667,2015-12-01
GODFRYPHLP.NS,Fast Moving Consumer Goods,,141651376.8496994,171.87748779296874,406.7796020507813,True,1.321567281906007,1.8955567884655244,1.3392273711903633,True,True,True,True,0.951530612244898,4,0.06666666666666667,2015-12-01
WELSPUNLIV.NS,Textiles,,167064664.61244074,56.7592569065094,81.30101013183594,True,1.4381793631365456,0.5925843396190604,1.455839452420902,True,True,True,True,0.951530612244898,5,0.06666666666666667,2015-12-01
TITAGARH.NS,Capital Goods,,86099600.3988547,105.93049571990967,140.60601806640625,True,1.4420604168229159,0.5094992032123125,1.4597205061072722,True,True,True,True,0.9464285714285714,6,0.06666666666666667,2015-12-01
GRANULES.NS,Healthcare,,242891709.87935105,99.74516197204589,151.13880920410156,True,1.0804351739189704,0.9464321261433162,1.0980952632033267,True,True,True,True,0.9387755102040816,7,0.06666666666666667,2015-12-01
CHENNPETRO.NS,Oil Gas & Consumable Fuels,,300447859.0209859,117.14372507095337,150.81512451171875,True,1.0762711641877454,0.7617975653453597,1.0939312534721017,True,True,True,True,0.9285714285714286,8,0.06666666666666667,2015-12-01
KRBL.NS,Fast Moving Consumer Goods,,80604886.65356623,155.28327682495117,213.3797912597656,True,1.371173607373668,0.3215182806120538,1.3888336966580244,True,True,True,True,0.9005102040816326,9,0.06666666666666667,2015-12-01
ZENSARTECH.NS,Information Technology,,96090420.86333339,134.6241174697876,188.00314331054688,True,0.8389663020393225,0.48390895998790806,0.8566263913236789,True,True,True,True,0.8801020408163265,10,0.06666666666666667,2015-12-01
ASHOKLEY.NS,Capital Goods,,1270098504.036027,32.26399873733521,38.724029541015625,True,0.8037690139408542,0.33885390792820025,0.8214291032252106,True,True,True,True,0.8494897959183673,11,0.06666666666666667,2015-12-01
FDC.NS,Healthcare,,50293098.89235916,171.13275581359864,231.3433074951172,True,0.6083891862394508,0.5654579852960901,0.6260492755238072,True,True,True,True,0.8367346938775511,12,0.06666666666666667,2015-12-01
BAJAJFINSV.NS,Financial Services,,126138241.68018596,163.82728713989258,191.27536010742188,True,0.8473970263730446,0.25522005264436975,0.865057115657401,True,True,True,True,0.8290816326530612,13,0.06666666666666667,2015-12-01
HINDPETRO.NS,Oil Gas & Consumable Fuels,,606596537.1724801,66.37622314453125,77.73576354980469,True,0.6225965077565554,0.3748288882163233,0.6402565970409118,True,True,True,True,0.8214285714285714,14,0.06666666666666667,2015-12-01
BAJFINANCE.NS,Financial Services,,336407597.1856244,46.468229331970214,53.63325119018555,True,0.7841295651775566,0.26034794036230124,0.801789654461913,True,True,True,True,0.8086734693877551,15,0.06666666666666667,2015-12-01
RAJESHEXPO.NS,Consumer Durables,,625905472.5307994,434.24027168273926,674.4845581054688,True,3.7974600812386763,1.1699349446895844,3.8003366376478454,True,True,True,True,0.9882075471698113,1,0.06666666666666667,2016-01-01
INTELLECT.NS,Information Technology,,458610540.59932655,152.0253416824341,258.20245361328125,True,2.7076717097247647,1.6810135232178265,2.7105482661339337,True,True,True,True,0.9811320754716981,2,0.06666666666666667,2016-01-01
TATAELXSI.NS,Information Technology,,1144883831.8808167,691.0984057617187,992.0222778320312,True,2.884260770605473,0.8617853481405964,2.887137327014642,True,True,True,True,0.9764150943396226,3,0.06666666666666667,2016-01-01
JUBLPHARMA.NS,Healthcare,,310636274.38248444,189.8937492752075,281.916015625,True,2.3895118879634536,1.4402497248789228,2.3923884443726227,True,True,True,True,0.9693396226415094,4,0.06666666666666667,2016-01-01
NAVINFLUOR.NS,Chemicals,,53088551.349479675,225.48663604736328,348.96710205078125,True,2.3373190159290864,0.930910120036055,2.3401955723382555,True,True,True,True,0.9575471698113208,5,0.06666666666666667,2016-01-01
KEI.NS,Capital Goods,,54261919.96868083,86.6595071029663,116.9057846069336,True,1.7537064018463377,0.7770422984560579,1.7565829582555068,True,True,True,True,0.9316037735849056,6,0.06666666666666667,2016-01-01
TRIDENT.NS,Textiles,,57894393.966071725,2.7636248123645784,4.478410243988037,True,1.3802207073395638,1.5102991239993,1.3830972637487329,True,True,True,True,0.9292452830188679,7,0.06666666666666667,2016-01-01
GODFRYPHLP.NS,Fast Moving Consumer Goods,,296675070.17620546,200.19170936584473,393.17431640625,True,1.3464028343614696,1.9725974282322247,1.3492793907706386,True,True,True,True,0.9221698113207548,8,0.06666666666666667,2016-01-01
WELSPUNLIV.NS,Textiles,,140060298.75558853,61.88125317573547,84.3359375,True,1.8182353344597013,0.45411876752026803,1.8211118908688704,True,True,True,True,0.9198113207547169,9,0.06666666666666667,2016-01-01
TITAGARH.NS,Capital Goods,,178044794.45138752,109.92716842651367,159.0876007080078,True,1.722001421836707,0.5978572457038669,1.724877978245876,True,True,True,True,0.9103773584905661,10,0.06666666666666667,2016-01-01
TRIVENI.NS,Fast Moving Consumer Goods,,65211254.63292465,22.436909465789796,39.15229415893555,True,0.8593071342340923,1.6843747282386596,0.8621836906432614,True,True,True,True,0.8915094339622642,11,0.06666666666666667,2016-01-01
GRANULES.NS,Healthcare,,184942057.44813105,107.42574962615967,140.55911254882812,True,0.9659114299863703,0.8278534035569167,0.9687879863955393,True,True,True,True,0.8867924528301887,12,0.06666666666666667,2016-01-01
KRBL.NS,Fast Moving Consumer Goods,,85945398.36005682,164.84306461334228,207.71766662597656,True,1.373761579249817,0.40340138354724764,1.376638135658986,True,True,True,True,0.8797169811320755,13,0.06666666666666667,2016-01-01
ZENSARTECH.NS,Information Technology,,104456014.38400905,141.49422290802002,187.7359619140625,True,0.929794548077215,0.6324543515812899,0.932671104486384,True,True,True,True,0.8702830188679245,14,0.06666666666666667,2016-01-01
CHENNPETRO.NS,Oil Gas & Consumable Fuels,,225868633.7929011,127.7219447517395,154.27774047851562,True,1.748458302732034,0.20746771441494816,1.751334859141203,True,True,True,True,0.8490566037735849,15,0.06666666666666667,2016-01-01
RAJESHEXPO.NS,Consumer Durables,,444815596.8632558,484.382350692749,716.1176147460938,True,3.499913561819695,0.36320041102111955,3.604593176239294,True,True,True,True,0.9662162162162162,1,0.06666666666666667,2016-02-01
NAVINFLUOR.NS,Chemicals,,50774983.66461436,243.8001510620117,327.6831359863281,True,1.733593475030152,0.5991314741148592,1.8382730894497512,True,True,True,True,0.9594594594594594,2,0.06666666666666667,2016-02-01
TATAELXSI.NS,Information Technology,,1129012241.6295004,725.0875476074219,920.650390625,True,1.866100803799899,0.30849461583930604,1.9707804182194981,True,True,True,True,0.9459459459459459,3,0.06666666666666667,2016-02-01
GODFRYPHLP.NS,Fast Moving Consumer Goods,,344234774.03632355,223.72845001220702,351.28094482421875,True,1.2102143053270074,1.1896822111601986,1.3148939197466065,True,True,True,True,0.9256756756756757,4,0.06666666666666667,2016-02-01
TRIDENT.NS,Textiles,,54857094.939181685,2.9882457274198533,4.0526323318481445,True,1.2205409125343456,0.7119574046409047,1.3252205269539448,True,True,True,True,0.9256756756756757,5,0.06666666666666667,2016-02-01
JUBLPHARMA.NS,Healthcare,,209284273.92267787,203.97367561340332,238.84214782714844,True,1.2639210217408037,0.533910047182204,1.3686006361604028,True,True,True,True,0.9222972972972974,6,0.06666666666666667,2016-02-01
TRIVENI.NS,Fast Moving Consumer Goods,,102318796.539838,25.119229221343993,44.75850677490234,True,1.0205765799308035,1.4611529868227588,1.1252561943504027,True,True,True,True,0.8986486486486487,7,0.06666666666666667,2016-02-01
KRBL.NS,Fast Moving Consumer Goods,,68107686.37040888,171.61333923339845,221.0510711669922,True,1.0885862693949617,0.4100362816505718,1.193265883814561,True,True,True,True,0.8885135135135136,8,0.06666666666666667,2016-02-01
INTELLECT.NS,Information Technology,,364648993.87459385,164.08776348114014,212.8811798095703,True,0.9067657858941316,0.9982707716872916,1.0114454003137308,True,True,True,True,0.8716216216216216,9,0.06666666666666667,2016-02-01
TITAGARH.NS,Capital Goods,,231853402.09111938,111.18545494079589,135.1588134765625,True,1.0708938509347554,0.24696019097094402,1.1755734653543546,True,True,True,True,0.8412162162162162,10,0.06666666666666667,2016-02-01
CHENNPETRO.NS,Oil Gas & Consumable Fuels,,156546658.7768318,137.12018941879273,143.27438354492188,True,1.64488629181555,0.037037045218142994,1.7495659062351492,True,True,True,True,0.7972972972972974,11,0.06666666666666667,2016-02-01
WELSPUNLIV.NS,Textiles,,118425158.60828018,66.53451324462891,76.75090789794922,True,1.4336090726667288,0.04165762800071193,1.538288687086328,True,True,True,True,0.7905405405405406,12,0.06666666666666667,2016-02-01
NATCOPHARM.NS,Healthcare,,140167321.84808147,440.7901251220703,485.7273254394531,True,0.749893409883251,0.1499585536094774,0.8545730243028502,True,True,True,True,0.7804054054054055,13,0.06666666666666667,2016-02-01
BALRAMCHIN.NS,Fast Moving Consumer Goods,,166195526.82636043,48.572954959869385,77.75308227539062,True,0.43467733931722563,0.9442618650506538,0.5393569537368248,True,True,True,True,0.7770270270270271,14,0.06666666666666667,2016-02-01
KEI.NS,Capital Goods,,57636092.430640794,91.71899122238159,106.98944091796876,True,0.9421367795099069,0.08713797747645402,1.046816393929506,True,True,True,True,0.7668918918918919,15,0.06666666666666667,2016-02-01
RAJESHEXPO.NS,Consumer Durables,,264071516.8244588,536.228104095459,700.0972900390625,True,3.202536621860995,0.5078587701487609,3.393877099016441,True,True,True,True,0.9609375,1,0.06666666666666667,2016-03-01
GODFRYPHLP.NS,Fast Moving Consumer Goods,,268834232.43324584,241.7043839263916,308.62615966796875,True,1.1731637518164653,0.9359573980953344,1.3645042289719114,True,True,True,True,0.953125,2,0.06666666666666667,2016-03-01
TRIVENI.NS,Fast Moving Consumer Goods,,72108662.63339469,27.23887698173523,35.6427116394043,True,0.6889846422713666,0.7692301647556623,0.8803251194268127,True,True,True,True,0.9140625,3,0.06666666666666667,2016-03-01
BALRAMCHIN.NS,Fast Moving Consumer Goods,,146711341.14516813,51.86642580032348,71.15347290039062,True,0.3476821510250032,0.9175500370968801,0.5390226281804493,True,True,True,True,0.828125,4,0.06666666666666667,2016-03-01
WELSPUNLIV.NS,Textiles,,116414223.92968495,70.72806352615356,75.00479888916016,True,1.3397009137562987,0.12403213869493523,1.5310413909117448,True,True,True,True,0.796875,5,0.06666666666666667,2016-03-01
BAJFINANCE.NS,Financial Services,,413430562.86174136,51.78941623687744,57.41836166381836,True,0.4202501253060942,0.21787991876096302,0.6115906024615403,True,True,True,True,0.78125,6,0.06666666666666667,2016-03-01
PETRONET.NS,Oil Gas & Consumable Fuels,,313822328.6150764,70.14898181915284,80.1019515991211,True,0.3440552240333563,0.4023025059235532,0.5353957011888024,True,True,True,True,0.7578125,7,0.06666666666666667,2016-03-01
TORNTPOWER.NS,Power,,187961241.25882187,138.01001892089843,178.66629028320312,True,0.34022514587117914,0.5331538663836501,0.5315656230266252,True,True,True,True,0.7578125,8,0.06666666666666667,2016-03-01
MARICO.NS,Fast Moving Consumer Goods,,454802456.4020747,182.7251368713379,204.6571655273437,True,0.35318440556350317,0.2082189515194064,0.5445248827189493,True,True,True,True,0.7265625,9,0.06666666666666667,2016-03-01
ECLERX.NS,Services,,50216952.05979716,419.14012496948243,437.52783203125,True,0.4090433679812515,0.09467780373467849,0.6003838451366976,True,True,True,True,0.6953125,10,0.06666666666666667,2016-03-01
KAJARIACER.NS,Consumer Durables,,57702723.8137736,385.0670324707031,399.4700927734375,True,0.1687360876029118,0.3415790060035644,0.3600765647583579,True,True,True,True,0.640625,11,0.06666666666666667,2016-03-01
IGL.NS,Oil Gas & Consumable Fuels,,481744678.2329788,41.09696437835694,43.98768615722656,True,0.18131674553819144,0.1255494701250477,0.37265722269363755,True,True,True,True,0.578125,12,0.06666666666666667,2016-03-01
ASHOKLEY.NS,Capital Goods,,688612554.8271872,34.73848973274231,35.95509719848633,True,0.2941571263089382,0.03789236806488416,0.4854976034643843,True,True,True,True,0.5546875,13,0.06666666666666667,2016-03-01
KANSAINER.NS,Consumer Durables,,93205620.2307424,149.9297196960449,164.6411590576172,True,0.1335463729356361,0.222196861865396,0.3248868500910822,True,True,True,True,0.5546875,14,0.06666666666666667,2016-03-01
JSWSTEEL.NS,Metals & Mining,,912176125.5663948,83.96917610168457,101.15550994873048,True,0.11388092715546705,0.2995503844452152,0.30522140431091316,True,True,True,True,0.53125,15,0.06666666666666667,2016-03-01
TRIVENI.NS,Fast Moving Consumer Goods,,77778460.90225366,29.946265087127685,45.98913192749024,True,1.705093123940499,1.0676227828293556,1.7830412682027612,True,True,True,True,0.9698795180722891,1,0.06666666666666667,2016-04-01
RAJESHEXPO.NS,Consumer Durables,,295919478.43690085,577.0872206115723,615.1388549804688,True,1.9960925095048916,0.448285623856451,2.074040653767154,True,True,True,True,0.966867469879518,2,0.06666666666666667,2016-04-01
BALRAMCHIN.NS,Fast Moving Consumer Goods,,236025151.4100984,56.58974060058594,94.27398681640624,True,1.112634890837104,1.1987765396549839,1.1905830350993662,True,True,True,True,0.9457831325301205,3,0.06666666666666667,2016-04-01
GODFRYPHLP.NS,Fast Moving Consumer Goods,,194529363.14752808,261.51007614135744,341.4827880859375,True,1.6421744789745074,0.8547792601757147,1.7201226232367697,True,True,True,True,0.9457831325301205,4,0.06666666666666667,2016-04-01
WELSPUNLIV.NS,Textiles,,142575254.76791686,74.42694913864136,91.47584533691406,True,2.0582129781175023,0.2032792432879864,2.1361611223797645,True,True,True,True,0.9126506024096386,5,0.06666666666666667,2016-04-01
BAJFINANCE.NS,Financial Services,,488275207.313474,53.842439842224124,67.20809173583984,True,0.744916791045146,0.4401325057419099,0.8228649353074081,True,True,True,True,0.9006024096385542,6,0.06666666666666667,2016-04-01
INTELLECT.NS,Information Technology,,194496478.16124776,180.119253616333,208.0450439453125,True,1.0873382160325336,0.3902739232531156,1.1652863602947958,True,True,True,True,0.891566265060241,7,0.06666666666666667,2016-04-01
JUBLPHARMA.NS,Healthcare,,229359568.87497026,230.32035984039305,285.68536376953125,True,1.6761379643532774,0.23566033701250522,1.7540861086155397,True,True,True,True,0.8885542168674698,8,0.06666666666666667,2016-04-01
PETRONET.NS,Oil Gas & Consumable Fuels,,299258951.99711025,72.50871467590332,85.43412017822266,True,0.41908976296188993,0.423098828106111,0.4970379072241521,True,True,True,True,0.8343373493975903,9,0.06666666666666667,2016-04-01
TORNTPOWER.NS,Power,,232732519.10466537,143.9854750061035,185.3966064453125,True,0.445868319338931,0.3640941893570324,0.5238164636011932,True,True,True,True,0.8343373493975903,10,0.06666666666666667,2016-04-01
ASHOKLEY.NS,Capital Goods,,852480079.5019192,35.964260540008546,44.54903793334961,True,0.5941349767014188,0.22297296377440468,0.672083120963681,True,True,True,True,0.8313253012048192,11,0.06666666666666667,2016-04-01
JSWSTEEL.NS,Metals & Mining,,947929185.6004728,86.78508861541748,115.23619079589844,True,0.4154899997919532,0.40745823700928785,0.4934381440542154,True,True,True,True,0.8192771084337349,12,0.06666666666666667,2016-04-01
EIDPARRY.NS,Chemicals,,61374535.815011345,150.90695880889893,198.3218536376953,True,0.34484890858214645,0.5995588457995247,0.4227970528444086,True,True,True,True,0.8162650602409638,13,0.06666666666666667,2016-04-01
SRF.NS,Chemicals,,187889409.87138748,231.5768029022217,250.1151428222656,True,0.4346734609567553,0.16721219254977293,0.5126216052190175,True,True,True,True,0.7680722891566265,14,0.06666666666666667,2016-04-01
PRAJIND.NS,Capital Goods,,81776869.14536527,75.22206481933594,77.05812072753906,True,0.5151867280172435,0.1193438578043835,0.5931348722795057,True,True,True,True,0.7590361445783133,15,0.06666666666666667,2016-04-01
TRIVENI.NS,Fast Moving Consumer Goods,,57416319.64587695,32.930773062705995,48.22249984741211,True,1.9307475884850063,0.43554962818479925,1.9769910939928446,True,True,True,True,0.9903846153846154,1,0.06666666666666667,2016-05-02
BALRAMCHIN.NS,Fast Moving Consumer Goods,,230039463.02101314,61.78180252075195,93.61839294433594,True,1.271473974331136,0.6866142079696378,1.3177174798389744,True,True,True,True,0.96875,2,0.06666666666666667,2016-05-02
WELSPUNLIV.NS,Textiles,,136864138.68243802,77.55052690505981,92.40029907226562,True,1.4201934241620031,0.32741024896288295,1.4664369296698414,True,True,True,True,0.9615384615384616,3,0.06666666666666667,2016-05-02
PETRONET.NS,Oil Gas & Consumable Fuels,,258209028.85867614,74.8029218673706,89.7952651977539,True,0.5084070920084309,0.3715848459192954,0.5546505975162692,True,True,True,True,0.9158653846153846,4,0.06666666666666667,2016-05-02
BAJFINANCE.NS,Financial Services,,574077268.2744917,55.53699172973633,66.28550720214844,True,0.5712734004366491,0.28946193202587955,0.6175169059444874,True,True,True,True,0.9110576923076923,5,0.06666666666666667,2016-05-02
JSWSTEEL.NS,Metals & Mining,,926690560.9398702,90.42093769073486,123.31372833251952,True,0.4633135375752433,0.5367914851571003,0.5095570430830816,True,True,True,True,0.9014423076923077,6,0.06666666666666667,2016-05-02
RAMCOCEM.NS,Construction Materials,,85081873.90720062,354.53035919189455,436.5679931640625,True,0.48349920751231035,0.32226566471637597,0.5297427130201486,True,True,True,True,0.9014423076923077,7,0.06666666666666667,2016-05-02
TORNTPOWER.NS,Power,,146375468.41401038,150.79033084869386,187.67510986328125,True,0.480218771213236,0.2862031683148023,0.5264622767210743,True,True,True,True,0.8798076923076923,8,0.06666666666666667,2016-05-02
ASHOKLEY.NS,Capital Goods,,905135933.8130354,37.392784366607664,43.8106575012207,True,0.5287152374615132,0.10961043302503048,0.5749587429693515,True,True,True,True,0.8533653846153846,9,0.06666666666666667,2016-05-02
PRAJIND.NS,Capital Goods,,67428204.09073499,75.81893424987793,84.09874725341797,True,0.5772250688990224,0.0736213844750111,0.6234685744068607,True,True,True,True,0.8365384615384615,10,0.06666666666666667,2016-05-02
EIDPARRY.NS,Chemicals,,62444623.02906265,157.42854740142823,208.75265502929688,True,0.38001229630772837,0.27411705123527064,0.42625580181556666,True,True,True,True,0.8341346153846154,11,0.06666666666666667,2016-05-02
INTELLECT.NS,Information Technology,,163871790.16247788,190.9088562011719,212.1442413330078,True,0.7811292159517895,0.05183829615191282,0.8273727214596278,True,True,True,True,0.8293269230769231,12,0.06666666666666667,2016-05-02
TVSMOTOR.NS,Automobile and Auto Components,,471816957.50410485,255.470329208374,302.93463134765625,True,0.3609618820628633,0.31173060275537723,0.40720538757070157,True,True,True,True,0.8245192307692308,13,0.06666666666666667,2016-05-02
JUBLPHARMA.NS,Healthcare,,231608809.80797017,244.57116397857666,273.6918640136719,True,1.5851205179502506,0.026210881891636006,1.6313640234580888,True,True,True,True,0.8221153846153846,14,0.06666666666666667,2016-05-02
KRBL.NS,Fast Moving Consumer Goods,,51306388.66974538,181.43826164245604,209.12164306640625,True,0.3674174410877882,0.20614869349108123,0.41366094659562647,True,True,True,True,0.8100961538461537,15,0.06666666666666667,2016-05-02
BALRAMCHIN.NS,Fast Moving Consumer Goods,,267809950.69115093,67.98565984725953,94.57992553710938,True,1.4618884093579232,0.4015546147374891,1.484926828223288,True,True,True,True,0.9818181818181818,1,0.06666666666666667,2016-06-01
MANAPPURAM.NS,Financial Services,,132752146.32231157,24.36316427230835,44.3950309753418,True,0.7652422695603884,1.4774468902194213,0.7882806884257533,True,True,True,True,0.9795454545454545,2,0.06666666666666667,2016-06-01
CHOLAFIN.NS,Financial Services,,59911597.03924751,130.5290619659424,188.25328063964844,True,0.645868402214419,0.5224918119291713,0.6689068210797838,True,True,True,True,0.95,3,0.06666666666666667,2016-06-01
BIOCON.NS,Healthcare,,493882366.14900666,80.05758785247802,117.67604064941406,True,0.6221932458685908,0.5924493042857895,0.6452316647339557,True,True,True,True,0.9431818181818182,4,0.06666666666666667,2016-06-01
BAJFINANCE.NS,Financial Services,,829303637.9407755,57.913728675842286,73.65940856933594,True,0.6943110712395424,0.3724492918222746,0.7173494901049072,True,True,True,True,0.9386363636363636,5,0.06666666666666667,2016-06-01
WELSPUNLIV.NS,Textiles,,124057258.77063306,79.59299018859863,96.3755111694336,True,0.9187787203388511,0.2535795915548196,0.941817139204216,True,True,True,True,0.9386363636363636,6,0.06666666666666667,2016-06-01
TRIVENI.NS,Fast Moving Consumer Goods,,65544663.57831726,36.09007616043091,43.20882415771485,True,1.4496123461008619,0.20457445317403566,1.4726507649662266,True,True,True,True,0.9363636363636365,7,0.06666666666666667,2016-06-01
RAMCOCEM.NS,Construction Materials,,113891427.48223114,369.2339404296875,476.8643493652344,True,0.6407384571574857,0.3226535326971358,0.6637768760228505,True,True,True,True,0.9181818181818182,8,0.06666666666666667,2016-06-01
JSWSTEEL.NS,Metals & Mining,,796345106.6750818,95.12555072784424,124.74602508544922,True,0.5257395059114469,0.5667397812044821,0.5487779247768118,True,True,True,True,0.8999999999999999,9,0.06666666666666667,2016-06-01
SUPREMEIND.NS,Capital Goods,,85664936.02561544,627.4723788452148,901.2545166015624,True,0.495813265778305,0.5580725221064928,0.5188516846436698,True,True,True,True,0.890909090909091,10,0.06666666666666667,2016-06-01
BSOFT.NS,Information Technology,,90201822.71275736,72.89094291687012,94.87039184570312,True,0.7085424152935533,0.14267613985713767,0.7315808341589182,True,True,True,True,0.8613636363636363,11,0.06666666666666667,2016-06-01
KRBL.NS,Fast Moving Consumer Goods,,62636356.28449758,191.2801082611084,259.8931884765625,True,0.6154609012093317,0.1869946824709987,0.6384993200746966,True,True,True,True,0.8545454545454545,12,0.06666666666666667,2016-06-01
SHRIRAMFIN.NS,Financial Services,,573047367.178097,153.04288513183593,200.6748046875,True,0.44729059670007243,0.39502457629258103,0.47032901556543727,True,True,True,True,0.8477272727272727,13,0.06666666666666667,2016-06-01
EIDPARRY.NS,Chemicals,,79736568.67168681,165.68393169403078,213.6720123291016,True,0.4919737421654704,0.20405551625119656,0.5150121610308352,True,True,True,True,0.825,14,0.06666666666666667,2016-06-01
ASHOKLEY.NS,Capital Goods,,957834075.7671701,38.52650812149048,44.69261169433594,True,0.5854063426673417,0.14926168429288422,0.6084447615327065,True,True,True,True,0.8227272727272728,15,0.06666666666666667,2016-06-01
TRIVENI.NS,Fast Moving Consumer Goods,,89377829.33146662,39.52832235336304,59.02470779418945,True,2.9723929376876463,0.5361804231319209,2.9625050254166965,True,True,True,True,0.9928571428571429,1,0.06666666666666667,2016-07-01
BALRAMCHIN.NS,Fast Moving Consumer Goods,,265380558.3678885,74.98518623352051,109.87703704833984,True,2.0509699227915252,0.8047376703603184,2.041082010520575,True,True,True,True,0.9910714285714286,2,0.06666666666666667,2016-07-01
MANAPPURAM.NS,Financial Services,,228185220.13546196,27.784393491744996,57.055694580078125,True,1.5556795696793437,1.409638096131085,1.5457916574083936,True,True,True,True,0.9892857142857143,3,0.06666666666666667,2016-07-01
GNFC.NS,Chemicals,,72353358.65584508,67.03186580657959,120.59342193603516,True,1.523887110555159,1.0227127469290451,1.513999198284209,True,True,True,True,0.9821428571428572,4,0.06666666666666667,2016-07-01
ESCORTS.NS,Capital Goods,,320211848.4690534,151.1222964477539,209.7198944091797,True,0.8462467502426656,0.3100982740301159,0.8363588379717155,True,True,True,True,0.9285714285714286,5,0.06666666666666667,2016-07-01
MUTHOOTFIN.NS,Financial Services,,122483696.94612707,160.32805377960204,246.3705444335937,True,0.6231052752474566,0.6570801589412016,0.6132173629765065,True,True,True,True,0.9196428571428571,6,0.06666666666666667,2016-07-01
RAMCOCEM.NS,Construction Materials,,136973752.04956004,390.43732513427733,536.9451904296875,True,0.6236209420711465,0.49809555970041863,0.6137330298001964,True,True,True,True,0.9160714285714285,7,0.06666666666666667,2016-07-01
KRBL.NS,Fast Moving Consumer Goods,,57732256.81266632,203.1158512878418,267.31085205078125,True,0.7961673935007154,0.2983110786867573,0.7862794812297653,True,True,True,True,0.9142857142857144,8,0.06666666666666667,2016-07-01
JSWSTEEL.NS,Metals & Mining,,763330765.7501513,99.90642681121827,131.49900817871094,True,0.6333073116111654,0.4228730897712081,0.6234193993402153,True,True,True,True,0.9125,9,0.06666666666666667,2016-07-01
EIDPARRY.NS,Chemicals,,78624091.68495661,175.79406532287598,231.0263061523437,True,0.7740178689017083,0.3160356439974137,0.7641299566307582,True,True,True,True,0.9107142857142858,10,0.06666666666666667,2016-07-01
WELSPUNLIV.NS,Textiles,,106466057.46218058,82.42310997009277,100.72168731689452,True,0.7994564198815652,0.2323619283994145,0.7895685076106151,True,True,True,True,0.9,11,0.06666666666666667,2016-07-01
BIOCON.NS,Healthcare,,635134692.8905586,84.9952061843872,121.55457305908205,True,0.6033893945284257,0.4730187878207379,0.5935014822574756,True,True,True,True,0.8982142857142857,12,0.06666666666666667,2016-07-01
AEGISLOG.NS,Oil Gas & Consumable Fuels,,63640233.17681224,92.28111656188965,117.2101821899414,True,0.778135046370714,0.2423667455610965,0.7682471340997639,True,True,True,True,0.8946428571428571,13,0.06666666666666667,2016-07-01
ATUL.NS,Chemicals,,53239157.674294025,1562.2525543212892,1969.960205078125,True,0.7566179666467217,0.2677756240438409,0.7467300543757716,True,True,True,True,0.8910714285714285,14,0.06666666666666667,2016-07-01
VGUARD.NS,Consumer Durables,,86758236.20696029,66.95373506546021,96.72616577148438,True,0.5478091054172682,0.49839548276869516,0.5379211931463181,True,True,True,True,0.8803571428571428,15,0.06666666666666667,2016-07-01
MANAPPURAM.NS,Financial Services,,339457106.6765366,32.28990671157837,67.85446166992188,True,2.223760764852177,2.0918045358740356,2.1870296424142968,True,True,True,True,0.9953416149068324,1,0.06666666666666667,2016-08-01
GNFC.NS,Chemicals,,86361589.50765991,75.08303319931031,119.43275451660156,True,1.459761319264945,0.9354234093000355,1.4230301968270644,True,True,True,True,0.9798136645962733,2,0.06666666666666667,2016-08-01
BAJFINANCE.NS,Financial Services,,1255129883.754692,64.23692390441894,100.76262664794922,True,1.0384914789010486,0.7775841889376831,1.001760356463168,True,True,True,True,0.9596273291925467,3,0.06666666666666667,2016-08-01
ESCORTS.NS,Capital Goods,,415791532.9944926,158.89595222473145,250.3477783203125,True,0.9296280758505049,0.9707209636583733,0.8928969534126243,True,True,True,True,0.9580745341614907,4,0.06666666666666667,2016-08-01
BALRAMCHIN.NS,Fast Moving Consumer Goods,,247954295.93269044,82.05136444091796,115.86477661132812,True,1.9099885739863605,0.5114026263440936,1.87325745154848,True,True,True,True,0.9534161490683231,5,0.06666666666666667,2016-08-01
VGUARD.NS,Consumer Durables,,87425172.43195419,70.69637704849244,109.60246276855467,True,0.7406867780429014,0.8637226922202967,0.7039556556050208,True,True,True,True,0.9378881987577641,6,0.06666666666666667,2016-08-01
JSWSTEEL.NS,Metals & Mining,,849096435.8454615,105.93737976074219,151.20840454101562,True,1.0140307069954053,0.520732142059696,0.9772995845575247,True,True,True,True,0.937888198757764,7,0.06666666666666667,2016-08-01
BIOCON.NS,Healthcare,,844876945.5611191,90.1381118774414,135.9781036376953,True,0.8069895916416809,0.7135083754421632,0.7702584692038004,True,True,True,True,0.9347826086956522,8,0.06666666666666667,2016-08-01
HSCL.NS,Chemicals,,66539006.550844446,18.723935298919677,32.63291931152344,True,0.6835443424104481,1.4094204993101225,0.6468132199725676,True,True,True,True,0.9316770186335404,9,0.06666666666666667,2016-08-01
MUTHOOTFIN.NS,Financial Services,,190391053.26234716,171.33910682678223,278.9060363769531,True,0.7115736284641474,0.8649642569670166,0.6748425060262668,True,True,True,True,0.9301242236024845,10,0.06666666666666667,2016-08-01
RENUKA.NS,Fast Moving Consumer Goods,,166339535.36815968,13.685000004768371,18.25,True,0.93121697019581,0.5020576603283562,0.8944858477579294,True,True,True,True,0.9270186335403727,11,0.06666666666666667,2016-08-01
JMFINANCIL.NS,Financial Services,,70099104.84905408,35.79092100143433,60.26278305053711,True,0.6022780048759475,0.8977041032983535,0.565546882438067,True,True,True,True,0.9083850931677019,12,0.06666666666666667,2016-08-01
EIDPARRY.NS,Chemicals,,76869083.61883722,186.032419090271,236.5832977294922,True,0.7215774750352928,0.4598088289459512,0.6848463525974122,True,True,True,True,0.8990683229813664,13,0.06666666666666667,2016-08-01
CHOLAFIN.NS,Financial Services,,158881588.7952334,144.84047821044922,211.2252197265625,True,0.5937482694301901,0.8172160663892658,0.5570171469923095,True,True,True,True,0.8975155279503106,14,0.06666666666666667,2016-08-01
TRIVENI.NS,Fast Moving Consumer Goods,,88648136.903335,42.872447881698605,57.019229888916016,True,2.3719670961771775,0.301768902637634,2.335235973739297,True,True,True,True,0.889751552795031,15,0.06666666666666667,2016-08-01
MANAPPURAM.NS,Financial Services,,473354900.51563936,38.047746677398685,70.99088287353516,True,2.7066405825193987,1.9152571366671731,2.6391326436201314,True,True,True,True,0.9986033519553073,1,0.06666666666666667,2016-09-01
GNFC.NS,Chemicals,,80758746.49585356,82.57894098281861,121.0067901611328,True,1.5387050998584795,1.2550002839969796,1.4711971609592125,True,True,True,True,0.9832402234636871,2,0.06666666666666667,2016-09-01
MUTHOOTFIN.NS,Financial Services,,356537658.1009654,188.05274330139162,315.8973083496094,True,1.1900762239533251,1.161577411542225,1.1225682850540581,True,True,True,True,0.973463687150838,3,0.06666666666666667,2016-09-01
ESCORTS.NS,Capital Goods,,656821465.1501725,172.15246185302735,310.3835144042969,True,1.0452712194953229,1.596330497718336,0.9777632805960559,True,True,True,True,0.9664804469273743,4,0.06666666666666667,2016-09-01
PCBL.NS,Chemicals,,74194945.56009848,9.884248225688934,18.65717887878418,True,1.0124461501255144,1.9658980703402613,0.9449382112262474,True,True,True,True,0.9581005586592178,5,0.06666666666666667,2016-09-01
HSCL.NS,Chemicals,,85860221.68296042,20.83501539707184,34.988380432128906,True,1.03714301388532,1.3149351145120054,0.969635074986053,True,True,True,True,0.9567039106145252,6,0.06666666666666667,2016-09-01
BAJFINANCE.NS,Financial Services,,1384395723.4434764,69.7581463432312,106.96469116210938,True,1.0819961988182731,0.9209128040475414,1.0144882599190062,True,True,True,True,0.9511173184357542,7,0.06666666666666667,2016-09-01
VGUARD.NS,Consumer Durables,,73357700.14098917,77.00782928466796,131.04380798339844,True,1.0115897124671505,1.343535235389807,0.9440817735678835,True,True,True,True,0.9455307262569832,8,0.06666666666666667,2016-09-01
BIOCON.NS,Healthcare,,1095599799.758902,97.6216523361206,150.33607482910156,True,0.9710142173173497,1.0261894043420527,0.9035062784180827,True,True,True,True,0.9273743016759777,9,0.06666666666666667,2016-09-01
HINDALCO.NS,Metals & Mining,,1502401085.2781725,91.7858938407898,149.43418884277344,True,0.9003478262556917,1.3715565360371378,0.8328398873564247,True,True,True,True,0.9217877094972067,10,0.06666666666666667,2016-09-01
YESBANK.NS,Financial Services,,3267985411.178323,176.66813274383546,265.25103759765625,True,0.9159123129288513,1.0574982462108151,0.8484043740295844,True,True,True,True,0.920391061452514,11,0.06666666666666667,2016-09-01
INDIACEM.NS,Construction Materials,,711611711.5856788,90.62511960983277,144.26153564453125,True,0.811653164047103,1.260498590942798,0.744145225147836,True,True,True,True,0.9050279329608939,12,0.06666666666666667,2016-09-01
VEDL.NS,Metals & Mining,,769255928.8960828,35.400821647644044,56.4473991394043,True,0.7823855485251126,1.4425283115851562,0.7148776096258456,True,True,True,True,0.9022346368715084,13,0.06666666666666667,2016-09-01
CHOLAFIN.NS,Financial Services,,172573284.4614881,155.76366344451904,224.2098388671875,True,0.837289325364144,0.8406035411330688,0.769781386464877,True,True,True,True,0.8868715083798883,14,0.06666666666666667,2016-09-01
SUNDRMFAST.NS,Automobile and Auto Components,,81754206.77082825,157.04091785430907,267.5887451171875,True,0.7255826365415408,1.1124540825084397,0.6580746976422738,True,True,True,True,0.8840782122905029,15,0.06666666666666667,2016-09-01
MANAPPURAM.NS,Financial Services,,481651192.5564779,43.85667057991028,76.15081024169922,True,2.850904020608653,1.5959338236082967,2.736710014757172,True,True,True,True,0.9971751412429378,1,0.06666666666666667,2016-10-03
GNFC.NS,Chemicals,,77200854.68081716,89.51523221969605,139.2224578857422,True,2.15935774622527,1.292043617514807,2.0451637403737886,True,True,True,True,0.9901129943502825,2,0.06666666666666667,2016-10-03
ESCORTS.NS,Capital Goods,,710526184.6635917,190.83929573059083,359.49005126953125,True,1.4039554614679535,1.7383962262396482,1.2897614556164723,True,True,True,True,0.9830508474576272,3,0.06666666666666667,2016-10-03
HSCL.NS,Chemicals,,65438784.43678023,22.96099198818207,38.87013626098633,True,1.538792455857668,1.5469554920248085,1.4245984500061868,True,True,True,True,0.9830508474576272,4,0.06666666666666667,2016-10-03
MUTHOOTFIN.NS,Financial Services,,365235352.8925354,203.0108776855469,293.2401733398437,True,1.3640422961330847,1.0150200230275561,1.2498482902816035,True,True,True,True,0.9689265536723164,5,0.06666666666666667,2016-10-03
PCBL.NS,Chemicals,,87223077.12084754,10.85073276758194,18.88654136657715,True,1.221012823102332,1.724601065339126,1.1068188172508509,True,True,True,True,0.9689265536723164,6,0.06666666666666667,2016-10-03
BIOCON.NS,Healthcare,,1212359999.8175232,105.54181049346924,153.0911865234375,True,1.1400795540061126,0.9357175966232449,1.0258855481546314,True,True,True,True,0.9477401129943503,7,0.06666666666666667,2016-10-03
UNOMINDA.NS,Automobile and Auto Components,,51556198.72866497,34.18481740951538,46.87241744995117,True,1.9076296354140783,0.5669800693204985,1.793435629562597,True,True,True,True,0.943502824858757,8,0.06666666666666667,2016-10-03
VGUARD.NS,Consumer Durables,,75091699.15387179,83.60144325256347,126.46571350097656,True,1.0522025431735207,1.1397793225752588,0.9380085373220395,True,True,True,True,0.942090395480226,9,0.06666666666666667,2016-10-03
HINDALCO.NS,Metals & Mining,,1497742008.1199126,98.8109397315979,144.20492553710938,True,1.0247333497658158,0.8208205490814124,0.9105393439143346,True,True,True,True,0.9279661016949152,10,0.06666666666666667,2016-10-03
BAJFINANCE.NS,Financial Services,,1596126285.9564323,75.21062446594239,102.57288360595705,True,1.13409999088862,0.5875052810835311,1.0199059850371388,True,True,True,True,0.9209039548022598,11,0.06666666666666667,2016-10-03
INDIACEM.NS,Construction Materials,,673860205.4155146,97.05455949783325,138.6759490966797,True,0.9549463497214101,0.7259782384619191,0.8407523438699289,True,True,True,True,0.903954802259887,12,0.06666666666666667,2016-10-03
HINDZINC.NS,Metals & Mining,,180717336.45004907,76.3296940612793,104.34417724609376,True,1.018244418362415,0.5755284487566188,0.9040504125109339,True,True,True,True,0.8968926553672316,13,0.06666666666666667,2016-10-03
CHOLAFIN.NS,Financial Services,,348201227.8469887,165.16236946105957,223.7941436767578,True,0.9261458435728884,0.6610238306723373,0.8119518377214072,True,True,True,True,0.887005649717514,14,0.06666666666666667,2016-10-03
SUNDRMFAST.NS,Automobile and Auto Components,,104090565.58071645,170.44533695220946,267.7264404296875,True,0.8465209899093269,0.7192107573790014,0.7323269840578457,True,True,True,True,0.8813559322033899,15,0.06666666666666667,2016-10-03
GNFC.NS,Chemicals,,177083814.94353893,99.68148454666138,219.99810791015625,True,3.657109787716223,1.9740230326058033,3.5664005142160526,True,True,True,True,1.0,1,0.06666666666666667,2016-11-01
MANAPPURAM.NS,Financial Services,,469177020.77670044,49.10823992729187,85.01428985595703,True,3.413651671246315,1.5335901561218197,3.3229423977461447,True,True,True,True,0.9930555555555556,2,0.06666666666666667,2016-11-01
HSCL.NS,Chemicals,,61388053.145648256,25.571384563446045,45.8972282409668,True,1.711021532481798,1.5980632776364603,1.6203122589816275,True,True,True,True,0.9861111111111112,3,0.06666666666666667,2016-11-01
UNOMINDA.NS,Automobile and Auto Components,,56554614.52851906,36.53937260627747,58.49374008178711,True,2.591422903057964,0.8107937066529365,2.5007136295577936,True,True,True,True,0.9750000000000001,4,0.06666666666666667,2016-11-01
VGUARD.NS,Consumer Durables,,104182411.1232867,89.64923248291015,144.02084350585938,True,1.2584218097523299,1.1729161031142623,1.1677125362521594,True,True,True,True,0.975,5,0.06666666666666667,2016-11-01
ESCORTS.NS,Capital Goods,,769446565.6157763,210.68426513671875,359.15509033203125,True,1.2145778943284062,1.1888349053208644,1.1238686208282358,True,True,True,True,0.9722222222222222,6,0.06666666666666667,2016-11-01
MOTILALOFS.NS,Financial Services,,58940462.32569885,356.7681121826172,552.6222534179688,True,1.025757578639046,0.962225987626756,0.9350483051388756,True,True,True,True,0.95,7,0.06666666666666667,2016-11-01
PCBL.NS,Chemicals,,85977887.72843249,11.782587053775787,20.826709747314453,True,1.0152085654900698,1.2960364583672837,0.9244992919898993,True,True,True,True,0.9486111111111111,8,0.06666666666666667,2016-11-01
BIOCON.NS,Healthcare,,1110082591.894719,112.39640232086181,151.80380249023438,True,1.074324325028729,0.6185520693630728,0.9836150515285587,True,True,True,True,0.9416666666666667,9,0.06666666666666667,2016-11-01
BAJFINANCE.NS,Financial Services,,1288920297.298233,79.73354404449464,104.1903076171875,True,1.153699341822482,0.5454657078956247,1.0629900683223115,True,True,True,True,0.9375,10,0.06666666666666667,2016-11-01
MUTHOOTFIN.NS,Financial Services,,348006766.2026393,216.10165924072265,301.7313842773437,True,1.0183615951842504,0.7172248237488954,0.92765232168408,True,True,True,True,0.9347222222222222,11,0.06666666666666667,2016-11-01
SUNDRMFAST.NS,Automobile and Auto Components,,122037808.69340338,182.28677173614503,292.54901123046875,True,0.99840627749471,0.9049894498962476,0.9076970039945396,True,True,True,True,0.9347222222222222,12,0.06666666666666667,2016-11-01
VEDL.NS,Metals & Mining,,659716598.6516564,41.261805562973024,67.27203369140625,True,0.927700201985399,0.932284531980669,0.8369909284852286,True,True,True,True,0.9277777777777778,13,0.06666666666666667,2016-11-01
JMFINANCIL.NS,Financial Services,,86224826.03762506,43.3240155506134,71.75946044921875,True,0.9204105083740801,1.115431768757713,0.8297012348739097,True,True,True,True,0.923611111111111,14,0.06666666666666667,2016-11-01
BAJAJFINSV.NS,Financial Services,,564181136.0145721,223.67029846191406,337.0211181640625,True,0.9131037333343035,0.7999576720542574,0.8223944598341331,True,True,True,True,0.9097222222222222,15,0.06666666666666667,2016-11-01
VEDL.NS,Metals & Mining,,888239416.1880183,46.38062801361084,76.95318603515625,True,1.528710204384525,1.2273550356592051,1.4551873302032583,True,True,True,True,0.9887820512820513,1,0.06666666666666667,2016-12-01
HINDALCO.NS,Metals & Mining,,1771977346.780019,114.52472105026246,165.9726104736328,True,1.2560559066115835,0.9587460056346551,1.1825330324303167,True,True,True,True,0.9743589743589743,2,0.06666666666666667,2016-12-01
HINDZINC.NS,Metals & Mining,,261808751.51453894,87.53263463974,127.27169036865234,True,1.2814958966115144,0.7048455340454436,1.2079730224302476,True,True,True,True,0.967948717948718,3,0.06666666666666667,2016-12-01
GNFC.NS,Chemicals,,330665021.8040618,110.46692958831787,169.69940185546875,True,1.7884629789481004,0.6185429908427196,1.7149401047668336,True,True,True,True,0.9663461538461539,4,0.06666666666666667,2016-12-01
JKPAPER.NS,Forest Materials,,63719219.41324457,48.33238147735596,75.75906372070312,True,1.1306931619347633,0.7250377975005959,1.0571702877534965,True,True,True,True,0.9599358974358975,5,0.06666666666666667,2016-12-01
INDIANB.NS,Financial Services,,128264679.83697714,127.02923776626587,209.6240081787109,True,1.0324000925518262,1.8701396229414882,0.9588772183705594,True,True,True,True,0.9567307692307692,6,0.06666666666666667,2016-12-01
MANAPPURAM.NS,Financial Services,,413139545.47744787,54.2054981136322,64.54423522949219,True,2.5782208781948976,0.49711493709773613,2.5046980040136306,True,True,True,True,0.9567307692307692,7,0.06666666666666667,2016-12-01
SUNDRMFAST.NS,Automobile and Auto Components,,102078356.40545043,196.97913883209227,274.1310119628906,True,1.0563391921221692,0.839465995867986,0.9828163179409024,True,True,True,True,0.9535256410256411,8,0.06666666666666667,2016-12-01
ESCORTS.NS,Capital Goods,,622733383.4139597,229.4528647994995,308.8589782714844,True,1.0052723967640045,0.8671168472453097,0.9317495225827377,True,True,True,True,0.9423076923076923,9,0.06666666666666667,2016-12-01
PCBL.NS,Chemicals,,66368437.86254517,12.752653861045838,17.269737243652344,True,0.7775049424946963,0.9782759928615001,0.7039820683134295,True,True,True,True,0.9134615384615384,10,0.06666666666666667,2016-12-01
HINDPETRO.NS,Oil Gas & Consumable Fuels,,1324077691.9984329,98.88932615280152,135.94529724121094,True,0.8542030030630015,0.6854212181051695,0.7806801288817347,True,True,True,True,0.907051282051282,11,0.06666666666666667,2016-12-01
JUBLPHARMA.NS,Healthcare,,632731024.2544215,306.4529859161377,487.3697814941406,True,0.760010901617312,1.0547019635878194,0.6864880274360452,True,True,True,True,0.905448717948718,12,0.06666666666666667,2016-12-01
BIOCON.NS,Healthcare,,909576956.434816,119.192204246521,150.35243225097656,True,1.038446770736059,0.39479674902625383,0.9649238965547922,True,True,True,True,0.8862179487179487,13,0.06666666666666667,2016-12-01
PETRONET.NS,Oil Gas & Consumable Fuels,,567274213.3744644,103.14639717102051,133.389404296875,True,0.8990987663842143,0.4518790429644892,0.8255758922029475,True,True,True,True,0.8814102564102564,14,0.06666666666666667,2016-12-01
IGL.NS,Oil Gas & Consumable Fuels,,536484371.0290095,57.14993968963623,72.6125717163086,True,0.8093090645434089,0.47453437204036897,0.7357861903621421,True,True,True,True,0.8766025641025641,15,0.06666666666666667,2016-12-01
VEDL.NS,Metals & Mining,,952342817.4770799,52.04366064071655,72.36648559570312,True,1.532745523923376,0.7813059608889872,1.4740798889200228,True,True,True,True,0.9895833333333334,1,0.06666666666666667,2017-01-02
GNFC.NS,Chemicals,,336508119.4155609,122.50072328567505,167.3489990234375,True,1.8087668000380823,0.579803082503181,1.7501011650347291,True,True,True,True,0.9833333333333334,2,0.06666666666666667,2017-01-02
INDIANB.NS,Financial Services,,114974031.58030549,140.1746630859375,182.44515991210932,True,0.9693314520738767,0.5735659602390759,0.9106658170705235,True,True,True,True,0.95625,3,0.06666666666666667,2017-01-02
HINDZINC.NS,Metals & Mining,,261480612.7377163,93.80461494445801,115.02188873291016,True,1.041933858574859,0.5293051884178492,0.9832682235715058,True,True,True,True,0.9541666666666666,4,0.06666666666666667,2017-01-02
JKPAPER.NS,Forest Materials,,64954965.22296569,52.41679655075073,71.12586975097656,True,0.9199235046423089,0.549442419219075,0.8612578696389557,True,True,True,True,0.9395833333333332,5,0.06666666666666667,2017-01-02
SUNDRMFAST.NS,Automobile and Auto Components,,85778099.39390844,211.3474390411377,267.9961853027344,True,0.8119455085444145,0.6779315679672993,0.7532798735410613,True,True,True,True,0.9291666666666666,6,0.06666666666666667,2017-01-02
IGL.NS,Oil Gas & Consumable Fuels,,567281986.3495293,60.52668701171875,80.4251708984375,True,0.825483318970216,0.5343704689059832,0.7668176839668628,True,True,True,True,0.9125000000000001,7,0.06666666666666667,2017-01-02
BALKRISIND.NS,Automobile and Auto Components,,108075153.23246561,374.6924238586426,507.3206176757813,True,0.7202678148169881,0.6813042174901383,0.6616021798136349,True,True,True,True,0.9125,8,0.06666666666666667,2017-01-02
NATIONALUM.NS,Metals & Mining,,82078268.75442334,26.73327151298523,37.273563385009766,True,0.6598081877241808,0.5900242709164776,0.6011425527208276,True,True,True,True,0.8979166666666666,9,0.06666666666666667,2017-01-02
ESCORTS.NS,Capital Goods,,371213889.47566986,248.45364685058593,283.9741516113281,True,0.8523091745415765,0.3639883613550079,0.7936435395382233,True,True,True,True,0.89375,10,0.06666666666666667,2017-01-02
HINDALCO.NS,Metals & Mining,,1720856591.0283003,124.81129684448243,146.42420959472656,True,0.9603307088496169,0.30252354973293394,0.9016650738462637,True,True,True,True,0.8833333333333334,11,0.06666666666666667,2017-01-02
BIOCON.NS,Healthcare,,838137507.7852341,127.75187114715577,155.7725372314453,True,0.9830165495985341,0.25442409368992824,0.9243509145951809,True,True,True,True,0.875,12,0.06666666666666667,2017-01-02
MOTILALOFS.NS,Financial Services,,59680361.3087677,403.18183074951173,498.99896240234375,True,0.5734665046034717,0.6039743080780331,0.5148008696001185,True,True,True,True,0.8708333333333333,13,0.06666666666666667,2017-01-02
HINDPETRO.NS,Oil Gas & Consumable Fuels,,1244808451.0092587,105.35673763275146,127.3188934326172,True,0.6537867467876015,0.37652605782452375,0.5951211117842483,True,True,True,True,0.85,14,0.06666666666666667,2017-01-02
ADANIENSOL.NS,Power,,91914225.91586596,39.83875005722046,56.75,True,0.5358592375705655,0.5963432128808219,0.4771936025672123,True,True,True,True,0.84375,15,0.06666666666666667,2017-01-02
GNFC.NS,Chemicals,,183212649.0292216,136.61036399841308,190.4613342285156,True,2.243010029121833,0.5758288328255241,2.031710099061308,True,True,True,True,0.9846938775510203,1,0.06666666666666667,2017-02-01
INDIANB.NS,Financial Services,,126776566.8911344,152.74761245727538,224.9069366455078,True,2.1019446315705737,0.778830106861949,1.8906447015100487,True,True,True,True,0.9829931972789117,2,0.06666666666666667,2017-02-01
VEDL.NS,Metals & Mining,,881298368.4764246,57.352274322509764,84.73724365234375,True,3.0897299419055297,0.5149846901250761,2.878430011845005,True,True,True,True,0.9795918367346939,3,0.06666666666666667,2017-02-01
ESCORTS.NS,Capital Goods,,303966209.4881989,269.8273943328857,348.0047302246094,True,1.8341543185433387,0.4408587015324055,1.6228543884828137,True,True,True,True,0.9523809523809523,4,0.06666666666666667,2017-02-01
NATIONALUM.NS,Metals & Mining,,98251510.7355648,28.734045572280884,42.838905334472656,True,1.3036648806536517,0.5911424498122497,1.0923649505931268,True,True,True,True,0.9523809523809523,5,0.06666666666666667,2017-02-01
JUBLPHARMA.NS,Healthcare,,495465204.1623184,351.96653480529784,464.37255859375,True,1.166511711347428,1.0193014278374792,0.955211781286903,True,True,True,True,0.9438775510204083,6,0.06666666666666667,2017-02-01
HINDZINC.NS,Metals & Mining,,235550158.6565811,99.93675601959228,134.61253356933594,True,1.4395035693980804,0.4455732349361061,1.2282036393375555,True,True,True,True,0.9438775510204082,7,0.06666666666666667,2017-02-01
SUNDRMFAST.NS,Automobile and Auto Components,,54246806.50348587,226.222787399292,293.9194030761719,True,1.189098953631197,0.6262673090020698,0.9777990235706722,True,True,True,True,0.9438775510204082,8,0.06666666666666667,2017-02-01
HINDALCO.NS,Metals & Mining,,1944954488.8638716,133.59476692199706,179.3826446533203,True,1.7989120070396463,0.4287420432481728,1.5876120769791213,True,True,True,True,0.943877551020408,9,0.06666666666666667,2017-02-01
NMDC.NS,Metals & Mining,,298243189.21483064,15.374784283638,20.12546730041504,True,1.2072120947598708,0.4349132072290025,0.9959121646993458,True,True,True,True,0.9251700680272109,10,0.06666666666666667,2017-02-01
VGUARD.NS,Consumer Durables,,100056688.52806295,109.411080493927,141.1982421875,True,1.428366343538555,0.2789970558474002,1.21706641347803,True,True,True,True,0.8996598639455782,11,0.06666666666666667,2017-02-01
ADANIENSOL.NS,Power,,86915233.65741915,42.770000038146975,63.25,True,0.9765625,0.5733830547165173,0.7652625699394751,True,True,True,True,0.8962585034013605,12,0.06666666666666667,2017-02-01
CANFINHOME.NS,Financial Services,,126810365.89565785,275.27628578186034,349.1634826660156,True,1.082336396277293,0.42869189292055476,0.871036466216768,True,True,True,True,0.8962585034013605,13,0.06666666666666667,2017-02-01
GMDCLTD.NS,Metals & Mining,,66844772.12982737,67.83249130249024,91.7431869506836,True,0.9800298759023778,0.5069473620100347,0.7687299458418528,True,True,True,True,0.891156462585034,14,0.06666666666666667,2017-02-01
TATASTEEL.NS,Metals & Mining,,1610865221.0223322,27.63661759376526,34.12036895751953,True,1.0096918264323866,0.3041824912102611,0.7983918963718617,True,True,True,True,0.8622448979591837,15,0.06666666666666667,2017-02-01
GNFC.NS,Chemicals,,144104352.24648362,148.7097407913208,211.3407592773437,True,2.762096702454372,0.6891043937918486,2.474843805074289,True,True,True,True,0.992816091954023,1,0.06666666666666667,2017-03-01
VEDL.NS,Metals & Mining,,807823512.5089972,62.300223474502566,86.74600982666016,True,2.4442841786566865,0.48436885387261275,2.1570312812766033,True,True,True,True,0.9727011494252874,2,0.06666666666666667,2017-03-01
ESCORTS.NS,Capital Goods,,421659289.81387633,291.200062789917,429.7896423339844,True,2.791773671986408,0.41870715172771167,2.5045207746063247,True,True,True,True,0.9669540229885057,3,0.06666666666666667,2017-03-01
AEGISLOG.NS,Oil Gas & Consumable Fuels,,68041440.92458929,127.8953549194336,185.06320190429688,True,1.333019463338093,0.7266494907663994,1.0457665659580098,True,True,True,True,0.94683908045977,4,0.06666666666666667,2017-03-01
BALKRISIND.NS,Automobile and Auto Components,,104483907.66187948,422.1916874694824,599.5264282226562,True,1.3118449964602035,0.7429258145299815,1.0245920990801203,True,True,True,True,0.9439655172413793,5,0.06666666666666667,2017-03-01
JUBLPHARMA.NS,Healthcare,,510026773.4898748,373.01469230651855,497.8482971191406,True,1.4033804831307326,0.41804560400458657,1.1161275857506494,True,True,True,True,0.9267241379310345,6,0.06666666666666667,2017-03-01
INDIANB.NS,Financial Services,,98591332.83980103,167.98076629638672,238.33111572265625,True,2.3609385763993602,0.2634113721897182,2.073685679019277,True,True,True,True,0.9109195402298851,7,0.06666666666666667,2017-03-01
BAJAJFINSV.NS,Financial Services,,370222765.0438385,279.2200924682617,389.9122314453125,True,1.2768104484222667,0.44358990148131117,0.9895575510421835,True,True,True,True,0.9094827586206897,8,0.06666666666666667,2017-03-01
NATIONALUM.NS,Metals & Mining,,109097427.94000587,30.09763394355774,39.35700988769531,True,1.2067615788524684,0.4725653945553696,0.9195086814723852,True,True,True,True,0.9094827586206897,9,0.06666666666666667,2017-03-01
VGUARD.NS,Consumer Durables,,96043803.9584306,116.7669435119629,156.13731384277344,True,1.690036134015266,0.30784547006467045,1.402783236635183,True,True,True,True,0.9080459770114944,10,0.06666666666666667,2017-03-01
SUNTV.NS,Media Entertainment & Publication,,1421916550.2779129,375.5081231689453,558.0880126953125,True,1.1956987308181022,0.5487665418022099,0.908445833438019,True,True,True,True,0.9080459770114941,11,0.06666666666666667,2017-03-01
HINDPETRO.NS,Oil Gas & Consumable Fuels,,975892095.1637666,120.23925979614258,155.1455535888672,True,1.3561388139404387,0.37731556988431625,1.0688859165603555,True,True,True,True,0.9051724137931034,12,0.06666666666666667,2017-03-01
BIOCON.NS,Healthcare,,709205396.4046615,144.3536814880371,184.07843017578125,True,1.4527976652422785,0.2721863451999229,1.1655447678621953,True,True,True,True,0.8965517241379309,13,0.06666666666666667,2017-03-01
JINDALSTEL.NS,Metals & Mining,,1333182503.771498,75.01582588195801,123.7017593383789,True,1.1989483756621135,0.4337143611537493,0.9116954782820303,True,True,True,True,0.8936781609195402,14,0.06666666666666667,2017-03-01
TATACOMM.NS,Telecommunication,,521941686.72242993,310.5595065307617,403.9806823730469,True,1.1910720565066377,0.46303470939489966,0.9038191591265545,True,True,True,True,0.8908045977011494,15,0.06666666666666667,2017-03-01
JSL.NS,Metals & Mining,,73878610.70111148,35.47504765510559,70.01153564453125,True,3.033995001769383,1.9002039517800569,2.7883302409969293,True,True,True,True,1.0,1,0.06666666666666667,2017-04-03
GNFC.NS,Chemicals,,143801819.21976292,160.0824076080322,224.894775390625,True,2.70484191766308,0.6635755752989903,2.459177156890626,True,True,True,True,0.983502538071066,2,0.06666666666666667,2017-04-03
ITI.NS,Telecommunication,,63992989.20118332,37.53574994087219,71.25,True,1.890466576171419,1.4317406776542971,1.6448018153989654,True,True,True,True,0.983502538071066,3,0.06666666666666667,2017-04-03
VEDL.NS,Metals & Mining,,905457244.8322787,68.22652183532715,92.05254364013672,True,1.8818119033973488,0.664047517612435,1.6361471426248952,True,True,True,True,0.9733502538071066,4,0.06666666666666667,2017-04-03
ESCORTS.NS,Capital Goods,,591393671.198763,326.7890863037109,515.642333984375,True,2.9755325678133624,0.40555715457447894,2.729867807040909,True,True,True,True,0.9606598984771573,5,0.06666666666666667,2017-04-03
MOTILALOFS.NS,Financial Services,,58839683.598157756,500.16556533813474,696.9330444335938,True,1.6026213683183412,0.49654737963175144,1.3569566075458876,True,True,True,True,0.932741116751269,6,0.06666666666666667,2017-04-03
RCF.NS,Chemicals,,180073191.90792033,40.327094058990475,64.83677673339844,True,1.2171796287497054,0.7829881838522472,0.9715148679772518,True,True,True,True,0.9289340101522842,7,0.06666666666666667,2017-04-03
RECLTD.NS,Financial Services,,517077717.25280195,46.421008329391476,69.0486068725586,True,1.287841085685287,0.5506354754460077,1.0421763249128335,True,True,True,True,0.9276649746192893,8,0.06666666666666667,2017-04-03
BALKRISIND.NS,Automobile and Auto Components,,138043612.26718444,457.93699783325195,638.9373168945312,True,1.2499971252666922,0.6251319172533019,1.0043323644942386,True,True,True,True,0.9238578680203046,9,0.06666666666666667,2017-04-03
INDIANB.NS,Financial Services,,109779381.89151968,184.4813897705078,229.86355590820312,True,1.6197837231327763,0.3448525859844045,1.3741189623603227,True,True,True,True,0.9162436548223349,10,0.06666666666666667,2017-04-03
BBTC.NS,Fast Moving Consumer Goods,,199790343.17483875,534.4311727905274,830.9080810546875,True,1.2981276475924655,0.4050383682578691,1.0524628868200119,True,True,True,True,0.9137055837563453,11,0.06666666666666667,2017-04-03
SUNTV.NS,Media Entertainment & Publication,,1219067388.9112473,408.1978314208984,622.8051147460938,True,1.1930301924127336,0.6202219889355647,0.94736543164028,True,True,True,True,0.9111675126903553,12,0.06666666666666667,2017-04-03
VGUARD.NS,Consumer Durables,,137498556.38600478,125.60603099822998,167.12474060058594,True,1.8399408529698715,0.29196371593207937,1.594276092197418,True,True,True,True,0.9073604060913706,13,0.06666666666666667,2017-04-03
PCBL.NS,Chemicals,,57165472.80992031,17.84620487213135,25.323354721069336,True,2.6728260897379195,0.23758034484606827,2.427161328965466,True,True,True,True,0.8997461928934011,14,0.06666666666666667,2017-04-03
NATIONALUM.NS,Metals & Mining,,89908551.09415226,32.307754821777344,45.38743591308594,True,1.1105524126116482,0.7399299804342685,0.8648876518391946,True,True,True,True,0.899746192893401,15,0.06666666666666667,2017-04-03
ITI.NS,Telecommunication,,153131678.32850686,42.594249963760376,115.1500015258789,True,3.5513835967711076,2.812913861485314,3.3120411585965472,True,True,True,True,1.0,1,0.06666666666666667,2017-05-02
JSL.NS,Metals & Mining,,79672554.4426726,40.893320517539976,70.99483489990234,True,3.0222838372047534,0.811794415241726,2.782941399030193,True,True,True,True,0.9930232558139535,2,0.06666666666666667,2017-05-02
PCBL.NS,Chemicals,,67101378.01937103,19.514255456924438,32.56572341918945,True,2.9752148277978367,0.6830680309185475,2.7358723896232764,True,True,True,True,0.9825581395348837,3,0.06666666666666667,2017-05-02
SUNTV.NS,Media Entertainment & Publication,,1390601114.4398153,442.415764465332,726.0742797851562,True,1.6146146086743611,0.7551091768256855,1.3752721704998006,True,True,True,True,0.9593023255813953,4,0.06666666666666667,2017-05-02
INDIANB.NS,Financial Services,,235164270.8256523,195.4048832321167,263.6098937988281,True,2.205882172829884,0.40017527378525486,1.9665397346553235,True,True,True,True,0.9465116279069767,5,0.06666666666666667,2017-05-02
ESCORTS.NS,Capital Goods,,618235980.8450129,356.4876434326172,524.0169067382812,True,2.2695831692209176,0.38484840248722874,2.030240731046357,True,True,True,True,0.9453488372093023,6,0.06666666666666667,2017-05-02
RECLTD.NS,Financial Services,,729964940.2116818,50.50409856796264,77.26959991455078,True,1.5244255309709063,0.5445921976283796,1.2850830927963457,True,True,True,True,0.9406976744186046,7,0.06666666666666667,2017-05-02
ADANIENSOL.NS,Power,,104829674.77502638,53.546499996185304,77.6500015258789,True,1.3283359843669467,0.787111626292772,1.088993546192386,True,True,True,True,0.9290697674418604,8,0.06666666666666667,2017-05-02
JMFINANCIL.NS,Financial Services,,147419502.6959697,62.55679395675659,98.17420959472656,True,1.901192231556259,0.3737445577664098,1.6618497933816985,True,True,True,True,0.9279069767441861,9,0.06666666666666667,2017-05-02
MOTILALOFS.NS,Financial Services,,89638777.816097,540.7058251953125,809.714599609375,True,1.9555610856008685,0.35653108953882073,1.716218647426308,True,True,True,True,0.9279069767441861,10,0.06666666666666667,2017-05-02
BAJAJFINSV.NS,Financial Services,,433496603.3224182,323.08525505065916,455.8083190917969,True,1.476671361299549,0.4084993392204672,1.2373289231249884,True,True,True,True,0.922093023255814,11,0.06666666666666667,2017-05-02
IIFL.NS,Financial Services,,107858061.84636562,147.02249759674072,233.90245056152344,True,1.3282748503992643,0.7136946271438886,1.0889324122247037,True,True,True,True,0.9220930232558139,12,0.06666666666666667,2017-05-02
BBTC.NS,Fast Moving Consumer Goods,,248884471.79777527,576.1552000427246,916.545166015625,True,1.3505977193215881,0.503074026366471,1.1112552811470275,True,True,True,True,0.9186046511627908,13,0.06666666666666667,2017-05-02
KEI.NS,Capital Goods,,80060435.24954782,135.57753982543946,211.66946411132807,True,1.18051588835112,0.8210834183248483,0.9411734501765594,True,True,True,True,0.913953488372093,14,0.06666666666666667,2017-05-02
INDIACEM.NS,Construction Materials,,882601173.2082026,137.27139480590822,208.44728088378903,True,1.4501485875972713,0.36561510805570685,1.2108061494227107,True,True,True,True,0.9046511627906977,15,0.06666666666666667,2017-05-02
ESCORTS.NS,Capital Goods,,777612137.7735881,396.58271842956543,663.2284545898438,True,3.0608617181127213,1.1729380171841983,2.77582340302102,True,True,True,True,0.9889705882352942,1,0.06666666666666667,2017-06-01
JSL.NS,Metals & Mining,,69116361.21980482,46.765143966674806,69.66737365722656,True,3.4281255771823638,0.876821441960498,3.1430872620906625,True,True,True,True,0.9840686274509804,2,0.06666666666666667,2017-06-01
ADANIENSOL.NS,Power,,163538662.38494083,59.778000106811525,121.0,True,3.087837785155866,0.9500403140654745,2.8027994700641647,True,True,True,True,0.982843137254902,3,0.06666666666666667,2017-06-01
AVANTIFEED.NS,Fast Moving Consumer Goods,,94129046.47210464,197.58177268981933,420.7652282714844,True,2.1467773834565462,1.7280776743135524,1.8617390683648452,True,True,True,True,0.9779411764705883,4,0.06666666666666667,2017-06-01
PCBL.NS,Chemicals,,73100067.44239712,21.55858643054962,33.648048400878906,True,2.859353309447462,0.9676604124696089,2.5743149943557606,True,True,True,True,0.9767156862745099,5,0.06666666666666667,2017-06-01
MOTILALOFS.NS,Financial Services,,144822325.35438436,600.0393894958496,989.464599609375,True,2.368341135330894,1.0641741489225702,2.0833028202391928,True,True,True,True,0.9754901960784313,6,0.06666666666666667,2017-06-01
ITI.NS,Telecommunication,,186694357.6326152,49.569249954223636,74.44999694824219,True,1.7988720255848585,1.3634919666108631,1.5138337104931574,True,True,True,True,0.9681372549019609,7,0.06666666666666667,2017-06-01
UNOMINDA.NS,Automobile and Auto Components,,52608085.940761186,59.54456935882568,101.506591796875,True,1.7925773332632287,1.0429198797127373,1.5075390181715276,True,True,True,True,0.9558823529411764,8,0.06666666666666667,2017-06-01
JMFINANCIL.NS,Financial Services,,158495014.14485678,68.07495988845825,105.16700744628906,True,1.7933954889473078,0.8819109400796674,1.5083571738556067,True,True,True,True,0.9522058823529412,9,0.06666666666666667,2017-06-01
HSCL.NS,Chemicals,,68785906.13090414,42.83085788726807,59.06687927246094,True,2.0472820857273843,0.6069514326687115,1.7622437706356833,True,True,True,True,0.9399509803921569,10,0.06666666666666667,2017-06-01
IIFL.NS,Financial Services,,121187676.51790746,160.34094814300536,243.7509613037109,True,1.5454563272252275,0.9699195808018191,1.2604180121335264,True,True,True,True,0.9375,11,0.06666666666666667,2017-06-01
BBTC.NS,Fast Moving Consumer Goods,,244188268.19599202,628.1089654541015,858.9993896484375,True,1.4811332030873996,0.7408977905917262,1.1960948879956985,True,True,True,True,0.9215686274509804,12,0.06666666666666667,2017-06-01
CANFINHOME.NS,Financial Services,,302284073.2604955,358.2985726928711,509.3492126464844,True,1.4094704756278724,0.7764208510120167,1.1244321605361713,True,True,True,True,0.9129901960784313,13,0.06666666666666667,2017-06-01
INDIACEM.NS,Construction Materials,,1051991371.5158997,146.84179878234863,196.9872589111328,True,1.4329240943547559,0.7356809341607933,1.1478857792630548,True,True,True,True,0.9129901960784313,14,0.06666666666666667,2017-06-01
SUNTECK.NS,Realty,,82950651.52696584,139.44866821289062,219.6861114501953,True,1.2058731308198758,1.4073185592622082,0.9208348157281747,True,True,True,True,0.9031862745098039,15,0.06666666666666667,2017-06-01
PCBL.NS,Chemicals,,177268137.70941576,24.12287284851074,46.87007522583008,True,3.1606104088835387,1.84403434217504,2.948035889223993,True,True,True,True,0.9986979166666666,1,0.06666666666666667,2017-07-03
AVANTIFEED.NS,Fast Moving Consumer Goods,,115473846.45394821,223.5758943939209,449.0753784179688,True,2.307513306764384,2.097959620193525,2.094938787104838,True,True,True,True,0.98828125,2,0.06666666666666667,2017-07-03
ADANIENSOL.NS,Power,,216657580.6973062,68.30725009918213,124.0500030517578,True,2.681008909298839,1.255454600941051,2.4684343896392935,True,True,True,True,0.9882812499999999,3,0.06666666666666667,2017-07-03
MOTILALOFS.NS,Financial Services,,222298884.17070416,668.3775630187988,1099.8953857421875,True,2.5170672756959607,1.253989703836777,2.3044927560364146,True,True,True,True,0.9830729166666667,4,0.06666666666666667,2017-07-03
ESCORTS.NS,Capital Goods,,977333024.533286,436.8129383850098,617.4786987304688,True,2.1179968304630594,1.2327391365855074,1.9054223108035135,True,True,True,True,0.9700520833333334,5,0.06666666666666667,2017-07-03
ITI.NS,Telecommunication,,204137037.08488667,56.34999996185303,90.25,True,2.305860898248048,1.0280898876404496,2.093286378588502,True,True,True,True,0.9700520833333333,6,0.06666666666666667,2017-07-03
IIFL.NS,Financial Services,,159066588.30608723,176.13539890289306,296.5039367675781,True,1.871314197427064,1.422288510476987,1.658739677767518,True,True,True,True,0.9661458333333334,7,0.06666666666666667,2017-07-03
CANFINHOME.NS,Financial Services,,406008359.0689519,389.2856721496582,608.7166137695312,True,1.9126115459962594,1.2211956739613634,1.7000370263367135,True,True,True,True,0.96484375,8,0.06666666666666667,2017-07-03
HSCL.NS,Chemicals,,80685552.68168558,46.01470022201538,77.24887084960938,True,1.6863353639709895,1.3639099254008804,1.4737608443114436,True,True,True,True,0.9570312499999999,9,0.06666666666666667,2017-07-03
UNOMINDA.NS,Automobile and Auto Components,,56422484.0056146,65.69276914596557,103.61827087402344,True,1.784787379743333,1.1873114088771501,1.572212860083787,True,True,True,True,0.9518229166666666,10,0.06666666666666667,2017-07-03
GRAPHITE.NS,Capital Goods,,51546529.326673,76.66060062408447,128.24325561523438,True,1.2018776695184537,1.2735460378160588,0.9893031498589078,True,True,True,True,0.9309895833333333,11,0.06666666666666667,2017-07-03
CAPLIPOINT.NS,Healthcare,,76338989.12582703,380.3672706604004,530.4191284179688,True,1.904882375051749,0.6473920897233285,1.692307855392203,True,True,True,True,0.9270833333333333,12,0.06666666666666667,2017-07-03
JMFINANCIL.NS,Financial Services,,162805356.9306507,73.2401342201233,100.5461654663086,True,1.3180282774470888,0.8197936097823877,1.105453757787543,True,True,True,True,0.9270833333333333,13,0.06666666666666667,2017-07-03
KEI.NS,Capital Goods,,55731928.55346273,156.70912494659424,226.8514862060547,True,1.221235815695687,0.9068526797309335,1.0086612960361412,True,True,True,True,0.9244791666666666,14,0.06666666666666667,2017-07-03
SUNTV.NS,Media Entertainment & Publication,,995367849.9344819,510.4326776123047,643.0886840820312,True,1.2598150344558379,0.7160068035293206,1.047240514796292,True,True,True,True,0.9088541666666667,15,0.06666666666666667,2017-07-03
UNOMINDA.NS,Automobile and Auto Components,,79587703.65942408,72.60108465194702,128.07659912109375,True,2.4444970858566837,1.3123188987210264,2.2278440290221733,True,True,True,True,0.9976525821596244,1,0.06666666666666667,2017-08-01
PCBL.NS,Chemicals,,200407054.40740648,26.975807552337645,44.77834701538086,True,2.145561444548522,1.2037556518950794,1.9289083877140114,True,True,True,True,0.9859154929577465,2,0.06666666666666667,2017-08-01
ITI.NS,Telecommunication,,130430200.88090147,63.73024997711182,98.75,True,2.34179365650038,0.9100579988924835,2.1251405996658694,True,True,True,True,0.9847417840375587,3,0.06666666666666667,2017-08-01
ADANIENSOL.NS,Power,,157005619.48949623,77.41425018310547,125.0500030517578,True,2.303831125310543,0.9770751470633643,2.0871780684760326,True,True,True,True,0.9835680751173709,4,0.06666666666666667,2017-08-01
HEG.NS,Capital Goods,,83078791.88022964,39.907170419692996,83.29605865478516,True,1.7351721877162927,1.7097568342813205,1.5185191308817823,True,True,True,True,0.9812206572769953,5,0.06666666666666667,2017-08-01
AVANTIFEED.NS,Fast Moving Consumer Goods,,147074563.2209076,256.56020416259764,491.0754089355469,True,1.687759385827142,1.7480052635681997,1.4711063289926316,True,True,True,True,0.9753521126760563,6,0.06666666666666667,2017-08-01
GRAPHITE.NS,Capital Goods,,115257392.94694836,85.67232032775878,162.57321166992188,True,1.6060365502907556,1.0757301484060444,1.3893834934562452,True,True,True,True,0.965962441314554,7,0.06666666666666667,2017-08-01
ESCORTS.NS,Capital Goods,,1072408258.4789886,466.06098434448245,640.6406860351562,True,1.7037164114092191,0.8381158023128243,1.4870633545747087,True,True,True,True,0.9636150234741785,8,0.06666666666666667,2017-08-01
HSCL.NS,Chemicals,,74171816.94969572,50.143706436157224,85.01306915283203,True,1.4998741967634412,1.004634854327624,1.2832211399289308,True,True,True,True,0.960093896713615,9,0.06666666666666667,2017-08-01
IIFL.NS,Financial Services,,143852132.1839564,193.1365578842163,291.6528015136719,True,1.4140384796088585,1.1555578210839546,1.1973854227743481,True,True,True,True,0.949530516431925,10,0.06666666666666667,2017-08-01
CAPLIPOINT.NS,Healthcare,,113675111.75854848,422.5292065429687,653.4511108398438,True,1.9224257283583426,0.5825684761034391,1.7057726715238322,True,True,True,True,0.9460093896713615,11,0.06666666666666667,2017-08-01
CANFINHOME.NS,Financial Services,,370054543.2330373,419.1238845825195,581.6661987304688,True,1.4219807658768238,0.7847533674277354,1.2053277090423133,True,True,True,True,0.9448356807511737,12,0.06666666666666667,2017-08-01
STLTECH.NS,Telecommunication,,322861455.7775042,121.04657447814941,198.2104034423828,True,1.421453168255907,0.7462538481853127,1.2048001114213966,True,True,True,True,0.9401408450704225,13,0.06666666666666667,2017-08-01
LTF.NS,Financial Services,,543798784.6197981,97.58534530639649,147.59461975097656,True,1.2960926530578334,0.732673552869255,1.079439596223323,True,True,True,True,0.9248826291079812,14,0.06666666666666667,2017-08-01
JINDALSTEL.NS,Metals & Mining,,1113968197.5361142,100.62342178344727,151.2622528076172,True,1.2199710263000485,0.8661800062933143,1.003317969465538,True,True,True,True,0.9190140845070423,15,0.06666666666666667,2017-08-01
HEG.NS,Capital Goods,,216203389.53370252,45.92788323402405,115.78276824951172,True,3.282783958763483,2.480302685090066,3.101364751064927,True,True,True,True,1.0,1,0.06666666666666667,2017-09-01
GRAPHITE.NS,Capital Goods,,224434226.05009842,99.41227005004883,207.01541137695312,True,2.5904815055081705,1.5813685629830863,2.409062297809614,True,True,True,True,0.9935233160621761,2,0.06666666666666667,2017-09-01
PCBL.NS,Chemicals,,269656274.3969924,30.014011554718017,54.35808563232422,True,2.4877898012289807,1.439569464357389,2.306370593530424,True,True,True,True,0.9883419689119171,3,0.06666666666666667,2017-09-01
ITI.NS,Telecommunication,,131688240.41121584,70.05774996757508,100.3499984741211,True,2.390202607461535,1.285876878955576,2.2087833997629787,True,True,True,True,0.9818652849740932,4,0.06666666666666667,2017-09-01
AVANTIFEED.NS,Fast Moving Consumer Goods,,165760892.16512758,296.68738876342775,557.5399169921875,True,2.2797183991635848,1.6874181992346884,2.0982991914650286,True,True,True,True,0.9753886010362693,5,0.06666666666666667,2017-09-01
UNOMINDA.NS,Automobile and Auto Components,,76519046.9288175,79.85742778778076,136.8849334716797,True,2.3131380019441057,1.050005101651987,2.1317187942455496,True,True,True,True,0.9727979274611399,6,0.06666666666666667,2017-09-01
ADANIENSOL.NS,Power,,91928603.93910663,85.08325019836425,127.0500030517578,True,2.308593698001158,1.0608272491027568,2.1271744903026013,True,True,True,True,0.9702072538860104,7,0.06666666666666667,2017-09-01
HSCL.NS,Chemicals,,88999351.49125442,54.587973499298094,103.29334259033205,True,1.8953667041270994,1.391353842295186,1.713947496428543,True,True,True,True,0.9676165803108808,8,0.06666666666666667,2017-09-01
MOTILALOFS.NS,Financial Services,,187418749.46212158,787.1294725036621,1174.9251708984375,True,1.5797651392046501,0.8547554017535701,1.3983459315060938,True,True,True,True,0.9468911917098446,9,0.06666666666666667,2017-09-01
STLTECH.NS,Telecommunication,,390953017.55452883,133.0440389251709,206.8282470703125,True,1.5890688798497066,0.7278420165025041,1.4076496721511502,True,True,True,True,0.9455958549222797,10,0.06666666666666667,2017-09-01
CAPLIPOINT.NS,Healthcare,,93052135.86973572,456.15371841430664,624.8524169921875,True,1.6817103189290954,0.6417043280111001,1.500291111230539,True,True,True,True,0.9443005181347149,11,0.06666666666666667,2017-09-01
KEC.NS,Construction,,215051193.09565684,195.18525547027588,293.8285827636719,True,1.3032241921219585,0.917479957739733,1.1218049844234022,True,True,True,True,0.9326424870466321,12,0.06666666666666667,2017-09-01
MASTEK.NS,Information Technology,,172249212.08636397,202.26314235687255,273.4135131835937,True,1.3965588174084607,0.6357000209866306,1.2151396097099043,True,True,True,True,0.9300518134715026,13,0.06666666666666667,2017-09-01
SUNTECK.NS,Realty,,81198950.2617429,174.3320012664795,249.79071044921875,True,1.2107568267074242,1.1073907434370946,1.0293376190088679,True,True,True,True,0.9287564766839379,14,0.06666666666666667,2017-09-01
IIFL.NS,Financial Services,,131495724.14322713,208.88785125732423,302.67144775390625,True,1.3033004425485744,0.6742177713807411,1.121881234850018,True,True,True,True,0.927461139896373,15,0.06666666666666667,2017-09-01
HEG.NS,Capital Goods,,349786337.27563924,57.73130853652954,156.7965545654297,True,4.0361583276287964,3.3617673491386517,3.8978243312875662,True,True,True,True,1.0,1,0.06666666666666667,2017-10-03
GRAPHITE.NS,Capital Goods,,573829445.418042,119.30088773727417,293.4132995605469,True,3.912568752394682,2.412684149932728,3.7742347560534517,True,True,True,True,0.9907407407407407,2,0.06666666666666667,2017-10-03
ITI.NS,Telecommunication,,275311126.29053444,78.27524995803833,137.1999969482422,True,3.814034980640077,0.968436197351976,3.675700984298847,True,True,True,True,0.9788359788359788,3,0.06666666666666667,2017-10-03
ADANIENSOL.NS,Power,,81629855.35963465,93.68025003433227,152.8000030517578,True,2.8200000762939452,1.3875000476837158,2.6816660799527146,True,True,True,True,0.9775132275132274,4,0.06666666666666667,2017-10-03
AVANTIFEED.NS,Fast Moving Consumer Goods,,182484437.04141083,342.9392551422119,612.5408935546875,True,2.700972587334552,1.8367689134039349,2.5626385909933216,True,True,True,True,0.9761904761904762,5,0.06666666666666667,2017-10-03
HSCL.NS,Chemicals,,177799168.05621642,63.313694343566894,137.47647094726562,True,2.5412917617327677,2.2644344840992274,2.4029577653915375,True,True,True,True,0.9735449735449736,6,0.06666666666666667,2017-10-03
PCBL.NS,Chemicals,,258057331.48399925,34.678513822555544,61.819217681884766,True,2.1502635646135944,1.5277776477924911,2.0119295682723637,True,True,True,True,0.9669312169312169,7,0.06666666666666667,2017-10-03
JSL.NS,Metals & Mining,,68067059.82000606,70.33798620223999,110.37632751464844,True,4.02237142542472,0.5899435336215633,3.88403742908349,True,True,True,True,0.9642857142857142,8,0.06666666666666667,2017-10-03
UNOMINDA.NS,Automobile and Auto Components,,93192001.32005462,89.37102407455444,134.19534301757812,True,1.8575829895910672,0.8988277937165667,1.7192489932498367,True,True,True,True,0.9576719576719577,9,0.06666666666666667,2017-10-03
KEI.NS,Capital Goods,,154530933.40375492,199.01649478912353,318.2192077636719,True,1.694769097060815,0.8162850677653251,1.5564351007195845,True,True,True,True,0.9510582010582009,10,0.06666666666666667,2017-10-03
STLTECH.NS,Telecommunication,,470840808.0406059,146.2745601272583,209.4978790283203,True,1.6596381096062047,0.8013301709765315,1.5213041132649743,True,True,True,True,0.9457671957671957,11,0.06666666666666667,2017-10-03
MOTILALOFS.NS,Financial Services,,176196687.68898112,862.7335223388671,1235.363525390625,True,1.6042324285814828,0.7991976225220381,1.4658984322402524,True,True,True,True,0.9404761904761905,12,0.06666666666666667,2017-10-03
JBMA.NS,Automobile and Auto Components,,190578473.64179993,59.45679468154907,106.21431732177734,True,1.4764103964345527,0.9944153254140586,1.3380764000933223,True,True,True,True,0.9365079365079365,13,0.06666666666666667,2017-10-03
CAPLIPOINT.NS,Healthcare,,100017025.9749817,488.73323425292966,664.5039672851562,True,1.597799064411487,0.7968528598470737,1.4594650680702566,True,True,True,True,0.9351851851851851,14,0.06666666666666667,2017-10-03
SUNTECK.NS,Realty,,68047924.7553744,195.66869079589844,303.64459228515625,True,1.4792296412909338,0.6999568169246901,1.3408956449497034,True,True,True,True,0.9272486772486772,15,0.06666666666666667,2017-10-03
HEG.NS,Capital Goods,,596637141.2703463,76.63837978363037,287.47430419921875,True,8.964764035292559,4.475039853324074,8.751000229181418,True,True,True,True,1.0,1,0.06666666666666667,2017-11-01
GRAPHITE.NS,Capital Goods,,960760792.47341,149.36871765136718,392.243896484375,True,5.391699623563467,3.044043188004909,5.177935817452326,True,True,True,True,0.995475113122172,2,0.06666666666666667,2017-11-01
ADANIENSOL.NS,Power,,193885929.02441674,108.85599994659424,208.0,True,3.78711153849767,1.6786863607552993,3.5733477323865293,True,True,True,True,0.9841628959276019,3,0.06666666666666667,2017-11-01
AVANTIFEED.NS,Fast Moving Consumer Goods,,279698135.94679415,405.8669027709961,851.4822998046875,True,3.677577683787492,2.2447655144206453,3.463813877676351,True,True,True,True,0.9841628959276019,4,0.06666666666666667,2017-11-01
HSCL.NS,Chemicals,,299023412.09801257,75.85928308486939,170.62823486328125,True,2.705712412644262,2.0974599663337994,2.4919486065331213,True,True,True,True,0.9796380090497738,5,0.06666666666666667,2017-11-01
PCBL.NS,Chemicals,,362611750.29408646,39.998555727005005,70.94606018066406,True,2.666648035809887,1.1785501051961549,2.4528842296987463,True,True,True,True,0.9728506787330317,6,0.06666666666666667,2017-11-01
SAREGAMA.NS,Media Entertainment & Publication,,142254164.62231833,28.93122491836548,61.23271179199219,True,1.8099628959910503,1.841099600777047,1.5961990898799094,True,True,True,True,0.9649321266968326,7,0.06666666666666667,2017-11-01
STLTECH.NS,Telecommunication,,377473421.5415202,160.99309589385987,266.8721008300781,True,1.6873238865295694,0.9487757120634421,1.4735600804184286,True,True,True,True,0.9581447963800905,8,0.06666666666666667,2017-11-01
JSL.NS,Metals & Mining,,58317140.81779658,77.82022245407104,117.06281280517578,True,1.987453253070342,0.648891964749633,1.773689446959201,True,True,True,True,0.9570135746606335,9,0.06666666666666667,2017-11-01
BBTC.NS,Fast Moving Consumer Goods,,499983754.7348633,897.3301635742188,1635.57861328125,True,1.6822417736275832,0.784504107300444,1.4684779675164423,True,True,True,True,0.9490950226244343,10,0.06666666666666667,2017-11-01
KEI.NS,Capital Goods,,185692540.33826447,219.83899681091307,327.61602783203125,True,1.8186215634229246,0.5477718016979567,1.6048577573117837,True,True,True,True,0.9411764705882353,11,0.06666666666666667,2017-11-01
SUNTECK.NS,Realty,,131869647.0782163,217.37463790893554,342.3963317871094,True,1.5562246049687114,0.5798016356536246,1.3424607988575705,True,True,True,True,0.9287330316742082,12,0.06666666666666667,2017-11-01
UNOMINDA.NS,Automobile and Auto Components,,78119345.0878343,97.83716585159301,132.8829345703125,True,1.2233133194824344,0.7087028589905788,1.0095495133712935,True,True,True,True,0.921945701357466,13,0.06666666666666667,2017-11-01
ITI.NS,Telecommunication,,363814364.0485887,88.76649997711182,152.39999389648438,True,4.046357286305275,0.32349102802429286,3.8325934801941344,True,True,True,True,0.9196832579185521,14,0.06666666666666667,2017-11-01
KRBL.NS,Fast Moving Consumer Goods,,61340227.03564351,398.55301803588867,597.0955810546875,True,1.6261401750108875,0.4720581262599368,1.4123763688997466,True,True,True,True,0.9185520361990951,15,0.06666666666666667,2017-11-01
HEG.NS,Capital Goods,,835573196.8153158,106.9622196674347,293.9010925292969,True,10.001257490019078,5.249375057692286,9.690363001534124,True,True,True,True,1.0,1,0.06666666666666667,2017-12-01
GRAPHITE.NS,Capital Goods,,1298993806.8554924,192.176717338562,471.33990478515625,True,7.103560678789933,4.2189449175204405,6.7926661903049785,True,True,True,True,0.9955156950672646,2,0.06666666666666667,2017-12-01
SAREGAMA.NS,Media Entertainment & Publication,,262827537.73284087,34.75656091690063,77.91361236572266,True,3.4109346749469385,2.7248731921688716,3.1000401864619844,True,True,True,True,0.984304932735426,3,0.06666666666666667,2017-12-01
HSCL.NS,Chemicals,,353297839.6517807,89.0435167312622,161.72544860839844,True,3.3998420864842176,1.7380056403927968,3.0889475979992636,True,True,True,True,0.9798206278026906,4,0.06666666666666667,2017-12-01
AVANTIFEED.NS,Fast Moving Consumer Goods,,301792397.0589539,476.56109298706053,788.242431640625,True,4.110656573356277,0.8733544948063972,3.7997620848713227,True,True,True,True,0.9775784753363229,5,0.06666666666666667,2017-12-01
ITI.NS,Telecommunication,,371342404.88841516,99.26950000762939,141.8000030517578,True,3.5015873984685024,0.9046341016016093,3.1906929099835484,True,True,True,True,0.9753363228699552,6,0.06666666666666667,2017-12-01
PCBL.NS,Chemicals,,403172202.3343747,46.06539121627807,72.8702621459961,True,3.2612851825074625,1.1656608810659188,2.9503906940225084,True,True,True,True,0.969730941704036,7,0.06666666666666667,2017-12-01
UNOMINDA.NS,Automobile and Auto Components,,111880850.8251264,110.21100265502929,201.49151611328125,True,3.055214706499032,0.9850091757241366,2.744320218014078,True,True,True,True,0.9641255605381166,8,0.06666666666666667,2017-12-01
SUNTECK.NS,Realty,,134537436.0838852,244.89946182250978,395.0539855957031,True,3.3289982473500404,0.7982656390422986,3.0181037588650863,True,True,True,True,0.9596412556053812,9,0.06666666666666667,2017-12-01
KEI.NS,Capital Goods,,221790292.98256987,241.3159342956543,388.5484924316406,True,2.2606821345989903,0.8284691394885253,1.949787646114036,True,True,True,True,0.9517937219730942,10,0.06666666666666667,2017-12-01
VIPIND.NS,Consumer Durables,,222468665.40063068,205.51762435913085,344.1927185058594,True,2.0927748234547274,0.8693984381163782,1.7818803349697732,True,True,True,True,0.9495515695067264,11,0.06666666666666667,2017-12-01
ACE.NS,Capital Goods,,148223694.3938109,68.19066499710082,133.01438903808594,True,1.8355869911257297,1.1476373474018695,1.5246925026407754,True,True,True,True,0.9417040358744395,12,0.06666666666666667,2017-12-01
BBTC.NS,Fast Moving Consumer Goods,,525140318.645929,1002.7412097167969,1489.211669921875,True,2.0181224074576654,0.733658589130505,1.707227918972711,True,True,True,True,0.9383408071748879,13,0.06666666666666667,2017-12-01
STLTECH.NS,Telecommunication,,402035298.26579463,176.9771662902832,258.0669250488281,True,1.9273150604980875,0.7860304236130171,1.6164205720131333,True,True,True,True,0.9316143497757847,14,0.06666666666666667,2017-12-01
JSL.NS,Metals & Mining,,51994217.22455597,84.93298072814942,109.24551391601562,True,1.9430465394658092,0.5681015112399552,1.632152050980855,True,True,True,True,0.9237668161434978,15,0.06666666666666667,2017-12-01
HEG.NS,Capital Goods,,905455844.7936262,136.2178287124634,392.5541687011719,True,14.73829451028637,6.184347510402413,14.326930038214165,True,True,True,True,1.0,1,0.06666666666666667,2018-01-01
GRAPHITE.NS,Capital Goods,,1259285339.9390173,234.61506702423097,560.6190185546875,True,8.99423805781582,3.4309130744198946,8.582873585743616,True,True,True,True,0.995850622406639,2,0.06666666666666667,2018-01-01
GPIL.NS,Capital Goods,,96329122.7864924,31.322549419403074,83.90617370605469,True,5.064487374635014,2.680965373354282,4.65312290256281,True,True,True,True,0.991701244813278,3,0.06666666666666667,2018-01-01
HSCL.NS,Chemicals,,291002539.89823735,100.11360538482666,151.24874877929688,True,3.526299867244054,1.0316061713679736,3.11493539517185,True,True,True,True,0.9740663900414938,4,0.06666666666666667,2018-01-01
SAREGAMA.NS,Media Entertainment & Publication,,291771479.3784525,40.37018085479736,75.12064361572266,True,3.1011166200132747,1.9160466388558364,2.6897521479410704,True,True,True,True,0.9719917012448134,5,0.06666666666666667,2018-01-01
UNOMINDA.NS,Automobile and Auto Components,,139073117.17769876,123.12072494506836,208.42608642578125,True,3.3751542360306734,1.0502207121581595,2.963789763958469,True,True,True,True,0.9719917012448133,6,0.06666666666666667,2018-01-01
AVANTIFEED.NS,Fast Moving Consumer Goods,,266246334.3550659,534.690908279419,764.7783813476562,True,4.3199167800357,0.799803833456515,3.908552307963496,True,True,True,True,0.9678423236514523,7,0.06666666666666667,2018-01-01
ACE.NS,Capital Goods,,186485806.15582976,76.65744752883911,139.5925750732422,True,2.301194311099692,1.0927429598153569,1.889829839027488,True,True,True,True,0.9585062240663901,8,0.06666666666666667,2018-01-01
ADANIENSOL.NS,Power,,310057026.24763286,138.19749992370606,224.1499938964844,True,3.3355897599360143,0.8076612411006807,2.92422528786381,True,True,True,True,0.9564315352697096,9,0.06666666666666667,2018-01-01
BBTC.NS,Fast Moving Consumer Goods,,434960757.1073832,1085.9423037719725,1659.6563720703125,True,2.57034312468787,0.9198939955799483,2.158978652615666,True,True,True,True,0.9543568464730291,10,0.06666666666666667,2018-01-01
SUNTECK.NS,Realty,,132502268.25139059,272.4279811859131,406.52880859375,True,3.0217433374422864,0.7361332480719585,2.610378865370082,True,True,True,True,0.9470954356846474,11,0.06666666666666667,2018-01-01
PCBL.NS,Chemicals,,307825306.067262,51.195465927124026,75.3143310546875,True,3.6366530012471605,0.5717380119271918,3.2252885291749562,True,True,True,True,0.9450207468879668,12,0.06666666666666667,2018-01-01
VIPIND.NS,Consumer Durables,,216736474.8134664,224.99015258789063,338.6031494140625,True,2.123915022603681,0.9249481152104733,1.7125505505314769,True,True,True,True,0.9429460580912863,13,0.06666666666666667,2018-01-01
STLTECH.NS,Telecommunication,,411769658.0318822,192.07857780456544,274.0380249023437,True,2.0807976738800393,0.9667228633708271,1.6694332018078353,True,True,True,True,0.9408713692946058,14,0.06666666666666667,2018-01-01
JINDALSTEL.NS,Metals & Mining,,1209237906.6461701,138.8538743209839,202.19248962402344,True,2.140122558481164,0.6704686088272744,1.7287580864089598,True,True,True,True,0.9315352697095436,15,0.06666666666666667,2018-01-01
HEG.NS,Capital Goods,,1064499227.755216,182.8843299674988,456.19189453125,True,13.840667420688135,4.476752464626283,13.533267524825797,True,True,True,True,1.0,1,0.06666666666666667,2018-02-01
GRAPHITE.NS,Capital Goods,,1489532203.9447026,294.7968058013916,598.8251342773438,True,6.645782303707487,2.6834182466245395,6.338382407845149,True,True,True,True,0.9943693693693694,2,0.06666666666666667,2018-02-01
GPIL.NS,Capital Goods,,192834793.65011927,41.38786846160889,128.84759521484375,True,4.234358427911434,3.579494990388606,3.9269585320490954,True,True,True,True,0.9921171171171171,3,0.06666666666666667,2018-02-01
PCBL.NS,Chemicals,,746451152.6019745,59.35848830223083,93.19115447998048,True,3.586380406613535,1.0811655787108525,3.2789805107511967,True,True,True,True,0.9842342342342342,4,0.06666666666666667,2018-02-01
HSCL.NS,Chemicals,,317934240.9559588,114.67204608917237,173.53024291992188,True,3.0918975953196304,1.0412184226399157,2.784497699457292,True,True,True,True,0.9797297297297298,5,0.06666666666666667,2018-02-01
ACE.NS,Capital Goods,,240258524.71139157,87.50948631286622,166.43727111816406,True,2.664731625727531,1.4649369118304567,2.3573317298651926,True,True,True,True,0.9752252252252251,6,0.06666666666666667,2018-02-01
SUNTECK.NS,Realty,,158205528.4730845,296.3516083526611,410.7103576660156,True,2.5379645216593962,0.8343727150259992,2.230564625797058,True,True,True,True,0.9605855855855856,7,0.06666666666666667,2018-02-01
RADICO.NS,Fast Moving Consumer Goods,,820200796.3536595,187.1828921890259,353.5201110839844,True,2.146176031665599,1.5669686908692282,1.838776135803261,True,True,True,True,0.9594594594594594,8,0.06666666666666667,2018-02-01
JINDALSTEL.NS,Metals & Mining,,2550673693.1969595,153.24622276306152,262.7368469238281,True,2.2414845180800063,0.7369624083147157,1.9340846222176682,True,True,True,True,0.9504504504504505,9,0.06666666666666667,2018-02-01
ADANIENSOL.NS,Power,,258191654.89161733,154.52125,208.8999938964844,True,2.302766701920702,0.6705316977083269,1.995366806058364,True,True,True,True,0.947072072072072,10,0.06666666666666667,2018-02-01
SAREGAMA.NS,Media Entertainment & Publication,,250657864.25613663,46.105787687301635,64.91292572021484,True,2.043673356629392,0.7829167858925163,1.7362734607670538,True,True,True,True,0.9459459459459459,11,0.06666666666666667,2018-02-01
VIPIND.NS,Consumer Durables,,245624908.076209,243.45541564941405,327.8095397949219,True,1.7266823837008225,0.9724563590438593,1.4192824878384844,True,True,True,True,0.9403153153153153,12,0.06666666666666667,2018-02-01
UNOMINDA.NS,Automobile and Auto Components,,149541178.16770375,137.94969570159913,199.83888244628903,True,2.607928597033921,0.5603075332859639,2.300528701171583,True,True,True,True,0.9380630630630631,13,0.06666666666666667,2018-02-01
STLTECH.NS,Telecommunication,,522128533.373588,215.83571258544922,336.1427001953125,True,1.9614514352476804,0.6958882801175712,1.6540515393853423,True,True,True,True,0.9358108108108109,14,0.06666666666666667,2018-02-01
KEI.NS,Capital Goods,,181824536.6138926,283.5880694580078,378.61334228515625,True,1.7898579379579176,0.6726486252698871,1.4824580420955795,True,True,True,True,0.9313063063063063,15,0.06666666666666667,2018-02-01
HEG.NS,Capital Goods,,1258216703.1545944,221.01961374282837,480.1260986328125,True,13.910241094880377,3.7115382326144966,13.710761601758666,True,True,True,True,1.0,1,0.06666666666666667,2018-03-01
GRAPHITE.NS,Capital Goods,,1384151200.46734,336.45489948272706,535.9754028320312,True,5.762373940734458,1.678955019676685,5.562894447612747,True,True,True,True,0.9918032786885245,2,0.06666666666666667,2018-03-01
GPIL.NS,Capital Goods,,230138100.2064926,50.71954348564148,125.1320343017578,True,4.35180276131033,3.36961145258563,4.152323268188619,True,True,True,True,0.9904371584699453,3,0.06666666666666667,2018-03-01
PCBL.NS,Chemicals,,712115804.6091017,64.6143016242981,92.64289093017578,True,3.255437950439272,0.8902199177265038,3.055958457317561,True,True,True,True,0.9754098360655739,4,0.06666666666666667,2018-03-01
ACE.NS,Capital Goods,,187234121.84133428,97.753137550354,181.8669586181641,True,2.6274916528327115,2.202899714230108,2.4280121597110007,True,True,True,True,0.9726775956284153,5,0.06666666666666667,2018-03-01
HSCL.NS,Chemicals,,324836332.5841586,124.59149919509888,157.69216918945312,True,2.630096655210044,0.6687496472814287,2.4306171620883332,True,True,True,True,0.9494535519125682,6,0.06666666666666667,2018-03-01
SAREGAMA.NS,Media Entertainment & Publication,,138090975.97369277,50.05826497077942,63.79935073852539,True,2.340074280160064,0.6919567642287967,2.1405947870383533,True,True,True,True,0.9426229508196722,7,0.06666666666666667,2018-03-01
ADANIENSOL.NS,Power,,232242517.1293841,166.14749996185301,203.0,True,2.258427006195546,0.7247239189756982,2.0589475130738353,True,True,True,True,0.9385245901639343,8,0.06666666666666667,2018-03-01
RADICO.NS,Fast Moving Consumer Goods,,766184517.2382247,207.8157447052002,339.14459228515625,True,1.6219402932429965,1.1576213819653978,1.4224608001212857,True,True,True,True,0.9357923497267759,9,0.06666666666666667,2018-03-01
MASTEK.NS,Information Technology,,186906601.69595134,307.44667663574216,465.3170166015625,True,1.808314817681572,0.8054086094293729,1.6088353245598612,True,True,True,True,0.9344262295081968,10,0.06666666666666667,2018-03-01
SUNTECK.NS,Realty,,157076608.22594148,312.89867523193357,389.2193603515625,True,2.2736727160208385,0.5765098190237572,2.0741932228991278,True,True,True,True,0.9316939890710382,11,0.06666666666666667,2018-03-01
GAEL.NS,Fast Moving Consumer Goods,,59114227.4501592,39.87538902282715,65.80294799804688,True,1.3923604116477217,1.36858126842146,1.192880918526011,True,True,True,True,0.9248633879781422,12,0.06666666666666667,2018-03-01
STLTECH.NS,Telecommunication,,611581914.9217033,233.22687019348143,336.6110534667969,True,1.7364197824510663,0.661349929253759,1.5369402893293556,True,True,True,True,0.9153005464480874,13,0.06666666666666667,2018-03-01
JINDALSTEL.NS,Metals & Mining,,3055530021.1653414,166.9399433898926,250.8547515869141,True,1.307483023560374,0.9360732588636795,1.1080035304386633,True,True,True,True,0.9112021857923498,14,0.06666666666666667,2018-03-01
HFCL.NS,Telecommunication,,312398616.85492337,23.096210656166075,29.42411422729492,True,1.1861313172988983,0.7617647717165827,0.9866518241771876,True,True,True,True,0.8920765027322405,15,0.06666666666666667,2018-03-01
HEG.NS,Capital Goods,,1653830592.6617508,264.24038311004637,540.8124389648438,True,13.42407580124323,2.4183658825081653,13.293916239195358,True,True,True,True,0.9982638888888888,1,0.06666666666666667,2018-04-02
GPIL.NS,Capital Goods,,170053530.4899867,59.30284620285034,105.36856079101562,True,3.319138303188831,2.6763329379727017,3.188978741140959,True,True,True,True,0.9895833333333334,2,0.06666666666666667,2018-04-02
GRAPHITE.NS,Capital Goods,,1413103940.774326,382.00849494934084,577.0208740234375,True,5.662883197396842,1.2147495902357992,5.53272363534897,True,True,True,True,0.9895833333333333,3,0.06666666666666667,2018-04-02
ACE.NS,Capital Goods,,179233747.97498575,107.80644239425659,162.18080139160156,True,2.156009975773207,1.6653411865750947,2.025850413725335,True,True,True,True,0.9652777777777778,4,0.06666666666666667,2018-04-02
PCBL.NS,Chemicals,,741051162.1275774,69.32399974822998,83.83189392089844,True,2.4359609061444147,0.42975743274810463,2.305801344096542,True,True,True,True,0.9513888888888888,5,0.06666666666666667,2018-04-02
MASTEK.NS,Information Technology,,258957594.07312164,328.3458285522461,476.6376647949219,True,2.022853238806649,0.9109324842835727,1.8926936767587768,True,True,True,True,0.9427083333333334,6,0.06666666666666667,2018-04-02
RADICO.NS,Fast Moving Consumer Goods,,733785435.4138128,227.22035774230957,324.915771484375,True,1.6933148716940738,1.179403173948136,1.5631553096462014,True,True,True,True,0.9409722222222223,7,0.06666666666666667,2018-04-02
SAREGAMA.NS,Media Entertainment & Publication,,94506929.3180324,53.86669361114502,59.35865783691406,True,2.1476894025404207,0.5329674102527096,2.017529840492548,True,True,True,True,0.9357638888888888,8,0.06666666666666667,2018-04-02
ADANIENSOL.NS,Power,,205768449.87321243,173.51849994659423,193.6999969482422,True,2.0746031261625744,0.5222003689449288,1.944443564114702,True,True,True,True,0.9288194444444444,9,0.06666666666666667,2018-04-02
COFORGE.NS,Information Technology,,1084099936.4221332,116.69476146697998,157.4627227783203,True,1.1488374398094603,0.7127016457789184,1.018677877761588,True,True,True,True,0.9062500000000001,10,0.06666666666666667,2018-04-02
STLTECH.NS,Telecommunication,,640292592.2309932,248.81629707336427,292.6319580078125,True,1.4931699198920878,0.40879377695444785,1.3630103578442154,True,True,True,True,0.9010416666666667,11,0.06666666666666667,2018-04-02
JUBLFOOD.NS,Consumer Services,,2344125708.728808,157.80710536956786,228.1077117919922,True,1.139687510153279,0.6842390420795368,1.0095279481054067,True,True,True,True,0.8993055555555555,12,0.06666666666666667,2018-04-02
SUNTECK.NS,Realty,,166175148.7822067,329.56269996643067,413.5789794921875,True,1.397608929221283,0.3817414431813293,1.2674493671734106,True,True,True,True,0.8836805555555556,13,0.06666666666666667,2018-04-02
TITAN.NS,Consumer Durables,,2095452776.5284555,689.7573262023926,916.1231689453124,True,1.0947607472455236,0.5648923501719529,0.9646011851976513,True,True,True,True,0.8819444444444444,14,0.06666666666666667,2018-04-02
DEEPAKNTR.NS,Chemicals,,136899024.1476542,202.28215049743653,238.265853881836,True,1.1366614368717785,0.41012512869713347,1.006501874823906,True,True,True,True,0.8715277777777777,15,0.06666666666666667,2018-04-02
HEG.NS,Capital Goods,,1530505808.2303188,308.9593801498413,473.5293273925781,True,8.731654789116948,1.142369028049353,8.575898890240211,True,True,True,True,0.997093023255814,1,0.06666666666666667,2018-05-02
GPIL.NS,Capital Goods,,134429987.7158137,70.71084795951843,139.7132568359375,True,4.5490289197269345,3.1979440213641874,4.393273020850196,True,True,True,True,0.9912790697674418,2,0.06666666666666667,2018-05-02
RADICO.NS,Fast Moving Consumer Goods,,571992511.9982331,254.44148651123047,409.6041564941406,True,2.403557390758209,1.0278384737594304,2.2478014918814706,True,True,True,True,0.9811046511627907,3,0.06666666666666667,2018-05-02
GRAPHITE.NS,Capital Goods,,1135789534.5639563,428.24319259643556,554.3325805664062,True,4.77330987166137,0.5885902641795238,4.6175539727846315,True,True,True,True,0.9796511627906976,4,0.06666666666666667,2018-05-02
ACE.NS,Capital Goods,,158991917.9440473,118.84789043426514,180.8028106689453,True,1.861374047644921,1.2092191900568952,1.7056181487681827,True,True,True,True,0.9680232558139535,5,0.06666666666666667,2018-05-02
COFORGE.NS,Information Technology,,1574401088.8492076,124.48670013427734,211.54620361328125,True,1.7307938105595522,0.907897012942672,1.575037911682814,True,True,True,True,0.9578488372093024,6,0.06666666666666667,2018-05-02
PCBL.NS,Chemicals,,260550455.7180936,74.19141532897949,100.69711303710938,True,2.198419422128478,0.4177367530122378,2.04266352325174,True,True,True,True,0.9433139534883721,7,0.06666666666666667,2018-05-02
SONATSOFTW.NS,Information Technology,,117366797.60671464,69.64781539916993,107.07615661621094,True,1.2421160937294191,1.119180644675668,1.0863601948526809,True,True,True,True,0.938953488372093,8,0.06666666666666667,2018-05-02
JUBLFOOD.NS,Consumer Services,,2039104045.9423904,173.02751361846924,249.134994506836,True,1.383995571725333,0.5464340489744359,1.2282396728485947,True,True,True,True,0.934593023255814,9,0.06666666666666667,2018-05-02
JINDALSTEL.NS,Metals & Mining,,2469867924.352426,189.8348770904541,248.5868225097656,True,1.2260487996106861,0.4992567852853056,1.070292900733948,True,True,True,True,0.9127906976744186,10,0.06666666666666667,2018-05-02
MASTEK.NS,Information Technology,,241264304.04960987,356.8870056152344,505.3885498046875,True,1.0414396706689706,0.7329301549673679,0.8856837717922323,True,True,True,True,0.9098837209302326,11,0.06666666666666667,2018-05-02
VIPIND.NS,Consumer Durables,,206167139.2867625,289.00669021606444,403.6388854980469,True,1.0986066450603778,0.5014662819849893,0.9428507461836395,True,True,True,True,0.9098837209302325,12,0.06666666666666667,2018-05-02
BSOFT.NS,Information Technology,,509085481.30969656,93.07008060455323,141.7797088623047,True,1.0368895529690918,0.8820960866750553,0.8811336540923536,True,True,True,True,0.9040697674418605,13,0.06666666666666667,2018-05-02
TITAN.NS,Consumer Durables,,2367703801.538856,734.7450555419922,954.52587890625,True,1.039743358569893,0.6792950096254535,0.8839874596931547,True,True,True,True,0.9040697674418605,14,0.06666666666666667,2018-05-02
UNOMINDA.NS,Automobile and Auto Components,,125645489.80483094,164.39231895446778,178.9323272705078,True,1.3058759332925636,0.3262462650755569,1.1501200344158253,True,True,True,True,0.8895348837209303,15,0.06666666666666667,2018-05-02
HEG.NS,Capital Goods,,1617380126.8505528,361.55790870666505,601.2952270507812,True,11.304301183461837,1.1860703219662696,11.186260248855165,True,True,True,True,0.9981060606060606,1,0.06666666666666667,2018-06-01
GPIL.NS,Capital Goods,,114241775.2363266,80.39043123245239,108.03303527832033,True,3.659463089743846,1.5852594756764238,3.541422155137175,True,True,True,True,0.9886363636363636,2,0.06666666666666667,2018-06-01
GRAPHITE.NS,Capital Goods,,1498308168.1396575,479.8224102020264,706.0380249023438,True,6.903114196307318,0.5321950344344721,6.7850732617006475,True,True,True,True,0.9791666666666667,3,0.06666666666666667,2018-06-01
RADICO.NS,Fast Moving Consumer Goods,,612979272.3116069,285.22038345336915,450.2369384765625,True,2.8294554769621874,0.6022271852789438,2.7114145423555165,True,True,True,True,0.9715909090909092,4,0.06666666666666667,2018-06-01
SONATSOFTW.NS,Information Technology,,81806040.92111652,76.09944452285767,111.24040985107422,True,1.6211586541767433,0.6459800750712612,1.5031177195700722,True,True,True,True,0.9602272727272728,5,0.06666666666666667,2018-06-01
BSOFT.NS,Information Technology,,449116561.049895,101.3284965133667,151.92250061035156,True,1.4038045054465838,0.5664216567968114,1.2857635708399127,True,True,True,True,0.9356060606060606,6,0.06666666666666667,2018-06-01
COFORGE.NS,Information Technology,,2003372218.4325562,135.4858889770508,203.3544921875,True,1.2902599799020709,0.7453325557697363,1.1722190452953998,True,True,True,True,0.9337121212121212,7,0.06666666666666667,2018-06-01
JUBLFOOD.NS,Consumer Services,,2562208318.561432,186.86251510620116,246.03091430664065,True,1.5315698045759518,0.3938215150252278,1.4135288699692807,True,True,True,True,0.9261363636363636,8,0.06666666666666667,2018-06-01
FSL.NS,Services,,380589596.92972547,36.38305504798889,56.31110382080078,True,1.1304989641656444,0.6344208052692557,1.0124580295589733,True,True,True,True,0.9071969696969696,9,0.06666666666666667,2018-06-01
KEI.NS,Capital Goods,,98676819.81527099,358.37544891357425,472.0431518554688,True,1.38934907623038,0.3373545851868185,1.2713081416237089,True,True,True,True,0.9034090909090909,10,0.06666666666666667,2018-06-01
BIOCON.NS,Healthcare,,1325623200.0879467,249.52954429626465,328.1578674316406,True,1.1296285495329181,0.604146643880876,1.011587614926247,True,True,True,True,0.8996212121212122,11,0.06666666666666667,2018-06-01
DMART.NS,Consumer Services,,1766379544.8020568,1219.066252746582,1572.1500244140625,True,1.1991187169179476,0.3914679456436234,1.0810777823112765,True,True,True,True,0.8958333333333333,12,0.06666666666666667,2018-06-01
PCBL.NS,Chemicals,,210927954.18573582,79.14070096969604,90.60037231445312,True,1.766752619203082,0.21266149353617392,1.648711684596411,True,True,True,True,0.8920454545454546,13,0.06666666666666667,2018-06-01
MPHASIS.NS,Information Technology,,615419619.2533345,641.7864698791504,904.1275634765624,True,0.9417908155731263,0.5229600224209852,0.8237498809664552,True,True,True,True,0.875,14,0.06666666666666667,2018-06-01
VIPIND.NS,Consumer Durables,,237476713.97182262,312.88157707214356,407.3601989746094,True,1.2004865231857642,0.21255147724418522,1.0824455885790931,True,True,True,True,0.8503787878787878,15,0.06666666666666667,2018-06-01
HEG.NS,Capital Goods,,1043707087.3710505,409.30618740081786,562.1223754882812,True,9.341770160158925,0.5779838850477936,9.23592858684168,True,True,True,True,0.9895833333333334,1,0.06666666666666667,2018-07-02
JUBLFOOD.NS,Consumer Services,,2447331890.768163,200.53304397583008,271.9521484375,True,1.99016454611092,0.6082708025492076,1.884322972793676,True,True,True,True,0.9635416666666667,2,0.06666666666666667,2018-07-02
RADICO.NS,Fast Moving Consumer Goods,,530775870.02723897,310.0678883361816,404.7145385742188,True,2.4379997274059497,0.4561926216655674,2.332158154088706,True,True,True,True,0.9583333333333334,3,0.06666666666666667,2018-07-02
BSOFT.NS,Information Technology,,455473425.2216844,110.57309831619263,148.98931884765625,True,1.2946721798349787,0.5794827280948522,1.1888306065177348,True,True,True,True,0.9375000000000001,4,0.06666666666666667,2018-07-02
FSL.NS,Services,,459731056.4763389,39.610576486587526,54.644630432128906,True,1.2204723042437071,0.7559154802854915,1.1146307309264631,True,True,True,True,0.9374999999999999,5,0.06666666666666667,2018-07-02
GRAPHITE.NS,Capital Goods,,1194671759.8329315,526.4028372192383,667.614990234375,True,4.49190266363985,0.2607989775477537,4.386061090322606,True,True,True,True,0.9348958333333334,6,0.06666666666666667,2018-07-02
GPIL.NS,Capital Goods,,98024476.28253835,88.41052958488464,111.63861846923828,True,3.9506772685688922,0.263871695839476,3.844835695251648,True,True,True,True,0.9296874999999999,7,0.06666666666666667,2018-07-02
COFORGE.NS,Information Technology,,1941970659.3263233,147.1780895614624,199.8593597412109,True,1.0159537287381286,0.7149330562482534,0.9101121554208846,True,True,True,True,0.9036458333333334,8,0.06666666666666667,2018-07-02
VIPIND.NS,Consumer Durables,,311679761.1567098,335.0538259887695,411.9513854980469,True,1.3130332970469585,0.2255144023208,1.2071917237297145,True,True,True,True,0.8880208333333334,9,0.06666666666666667,2018-07-02
MASTEK.NS,Information Technology,,103646902.46065979,404.6197755432129,458.7131958007813,True,1.0404061424025994,0.33163797581931753,0.9345645690853555,True,True,True,True,0.8854166666666666,10,0.06666666666666667,2018-07-02
MPHASIS.NS,Information Technology,,657271322.7704041,683.6123265075684,890.250732421875,True,0.8750334072889401,0.49482969332962345,0.7691918339716961,True,True,True,True,0.8541666666666666,11,0.06666666666666667,2018-07-02
SONATSOFTW.NS,Information Technology,,69329191.10141106,81.43050712585449,93.4491195678711,True,1.199003546017483,0.16722603206083786,1.093161972700239,True,True,True,True,0.828125,12,0.06666666666666667,2018-07-02
DMART.NS,Consumer Services,,1774140526.3975565,1273.6900036621093,1485.4000244140625,True,0.8461348116899243,0.2957648676660243,0.7402932383726804,True,True,True,True,0.8151041666666666,13,0.06666666666666667,2018-07-02
ABBOTINDIA.NS,Healthcare,,60258755.13111165,4984.794250488281,6542.732421875,True,0.7218708108197018,0.32920761484917405,0.6160292375024579,True,True,True,True,0.8046875,14,0.06666666666666667,2018-07-02
TECHM.NS,Information Technology,,1759789732.5489569,435.27996170043946,496.0502014160156,True,0.7652184725653626,0.30308177515905754,0.6593768992481186,True,True,True,True,0.8046874999999999,15,0.06666666666666667,2018-07-02
HEG.NS,Capital Goods,,1004768278.808431,464.38870254516604,739.0626220703125,True,8.625056237828385,0.49137163540644857,8.520502062012243,True,True,True,True,0.995575221238938,1,0.06666666666666667,2018-08-01
BSOFT.NS,Information Technology,,493506003.9165222,120.53125938415528,162.94247436523438,True,1.4494152285549395,0.42610357916194475,1.3448610527387965,True,True,True,True,0.9668141592920354,2,0.06666666666666667,2018-08-01
FSL.NS,Services,,423222659.5994147,42.17541819572449,57.03865051269531,True,1.2401418844120862,0.7213718210979068,1.1355877085959432,True,True,True,True,0.9601769911504424,3,0.06666666666666667,2018-08-01
COFORGE.NS,Information Technology,,1298051105.6090393,159.40416595458984,223.3422241210937,True,1.4006751498868328,0.4161708876497179,1.2961209740706898,True,True,True,True,0.9557522123893806,4,0.06666666666666667,2018-08-01
VIPIND.NS,Consumer Durables,,275209897.1832743,355.0128552246094,469.7056274414063,True,1.7779304596631196,0.3830529108711529,1.6733762838469766,True,True,True,True,0.9557522123893805,5,0.06666666666666667,2018-08-01
GRAPHITE.NS,Capital Goods,,1115368758.8279674,578.7132739257812,815.654052734375,True,4.444055716152666,0.28016085739520613,4.3395015403365225,True,True,True,True,0.9535398230088494,6,0.06666666666666667,2018-08-01
RADICO.NS,Fast Moving Consumer Goods,,337186383.7930806,332.9971179199219,427.5980224609375,True,2.4363534784798904,0.1953253471694958,2.3317993026637476,True,True,True,True,0.9181415929203539,7,0.06666666666666667,2018-08-01
JUBLFOOD.NS,Consumer Services,,2399022612.900955,215.8409317779541,275.57110595703125,True,1.2017510793071953,0.29618272704514603,1.0971969034910523,True,True,True,True,0.9092920353982301,8,0.06666666666666667,2018-08-01
MPHASIS.NS,Information Technology,,651201263.0046356,731.2787020874024,962.0928955078124,True,0.944719891792013,0.3318484631416081,0.84016571597587,True,True,True,True,0.8938053097345133,9,0.06666666666666667,2018-08-01
DMART.NS,Consumer Services,,1702571218.08078,1324.2525036621093,1654.9000244140625,True,0.8451332136992584,0.40020305459803507,0.7405790378831154,True,True,True,True,0.8849557522123894,10,0.06666666666666667,2018-08-01
ABBOTINDIA.NS,Healthcare,,59921479.175423175,5297.078934326172,6983.8583984375,True,0.8259674743357526,0.3984228838954278,0.7214132985196096,True,True,True,True,0.8738938053097345,11,0.06666666666666667,2018-08-01
ASTRAL.NS,Capital Goods,,56049724.91756541,393.82222763061526,496.3015747070313,True,0.7576523292164616,0.39251432817484244,0.6530981534003186,True,True,True,True,0.8451327433628317,12,0.06666666666666667,2018-08-01
SONATSOFTW.NS,Information Technology,,84683528.60333583,87.03969762802124,102.95671081542967,True,1.1616337041258755,0.13772051923876227,1.0570795283097325,True,True,True,True,0.8362831858407079,13,0.06666666666666667,2018-08-01
PAGEIND.NS,Textiles,,500924738.5589518,21500.05080078125,26519.1796875,True,0.7530173879346056,0.33204972973100255,0.6484632121184626,True,True,True,True,0.8296460176991151,14,0.06666666666666667,2018-08-01
MASTEK.NS,Information Technology,,58981348.51868286,427.1539007568359,497.8974304199219,True,0.8546745745899025,0.16054913295825624,0.7501203987737595,True,True,True,True,0.8274336283185841,15,0.06666666666666667,2018-08-01
HEG.NS,Capital Goods,,778122583.5090637,512.459568786621,729.3787841796875,True,6.1574864134778355,0.5191400472847378,5.991803453923584,True,True,True,True,0.9887096774193549,1,0.06666666666666667,2018-09-03
GRAPHITE.NS,Capital Goods,,724849897.1775858,624.6718499755859,814.9299926757812,True,3.0732481062158863,0.5204615517238043,2.907565146661635,True,True,True,True,0.9806451612903226,2,0.06666666666666667,2018-09-03
VIPIND.NS,Consumer Durables,,372358837.9232905,385.1190768432617,606.1203002929688,True,1.9090559964003981,0.8528137486227281,1.7433730368461464,True,True,True,True,0.9806451612903225,3,0.06666666666666667,2018-09-03
COFORGE.NS,Information Technology,,1179630948.1692238,172.44535598754882,256.07257080078125,True,1.8955686958514204,0.6856797639039935,1.7298857362971687,True,True,True,True,0.9709677419354839,4,0.06666666666666667,2018-09-03
RADICO.NS,Fast Moving Consumer Goods,,220482893.9566798,356.2104903411865,483.5662841796875,True,2.076425153394125,0.4258410577076224,1.9107421938398732,True,True,True,True,0.9596774193548386,5,0.06666666666666667,2018-09-03
BSOFT.NS,Information Technology,,455112415.47517014,129.5319632720947,168.3125457763672,True,1.6430885602905483,0.4206142192902913,1.4774056007362966,True,True,True,True,0.9435483870967742,6,0.06666666666666667,2018-09-03
JUBLFOOD.NS,Consumer Services,,1978049263.5386074,230.31049919128418,303.90496826171875,True,1.3041234066158451,0.5234513269597896,1.1384404470615934,True,True,True,True,0.9435483870967742,7,0.06666666666666667,2018-09-03
INTELLECT.NS,Information Technology,,151978105.33728382,184.40687721252442,265.6526794433594,True,1.5740825851694442,0.392884739116542,1.4083996256151925,True,True,True,True,0.9370967741935483,8,0.06666666666666667,2018-09-03
ASTRAZEN.NS,Healthcare,,121630546.41772257,1203.3917102050782,1862.0185546875,True,1.107829504336597,0.8464730860552245,0.9421465447823454,True,True,True,True,0.9354838709677419,9,0.06666666666666667,2018-09-03
FSL.NS,Services,,313424155.9652161,44.57571966171265,59.60973358154297,True,1.1244681125865181,0.49476651587952203,0.9587851530322664,True,True,True,True,0.9258064516129032,10,0.06666666666666667,2018-09-03
MPHASIS.NS,Information Technology,,355060124.9570821,777.2362591552734,1052.5177001953125,True,1.102720149444825,0.491006596001623,0.9370371898905734,True,True,True,True,0.9145161290322581,11,0.06666666666666667,2018-09-03
PAGEIND.NS,Textiles,,1067411788.9298177,22725.779619140623,31452.56640625,True,0.9985076700485158,0.5765742207718909,0.8328247104942641,True,True,True,True,0.9112903225806452,12,0.06666666666666667,2018-09-03
ADANIENT.NS,Metals & Mining,,2586624880.9021897,94.27813560485839,142.675048828125,True,1.2366118256936476,0.3070255078441644,1.0709288661393959,True,True,True,True,0.8951612903225807,13,0.06666666666666667,2018-09-03
LTTS.NS,Information Technology,,160625781.7509135,1127.8874377441407,1599.511474609375,True,1.335594117913904,0.27429707818588667,1.1699111583596522,True,True,True,True,0.8935483870967742,14,0.06666666666666667,2018-09-03
ABBOTINDIA.NS,Healthcare,,75275285.1807129,5638.430847167969,7588.6640625,True,0.9787425265202776,0.46180795174456146,0.8130595669660259,True,True,True,True,0.8919354838709678,15,0.06666666666666667,2018-09-03
LTTS.NS,Information Technology,,219682647.46756592,1187.4752044677734,1576.4490966796875,True,1.2648482202970266,0.40858687692280515,1.2215888352036506,True,True,True,True,0.9464285714285715,1,0.06666666666666667,2018-10-01
ADANIENT.NS,Metals & Mining,,3269323152.3579764,99.85088695526123,128.92813110351562,True,0.9746302607703139,0.5035096400997401,0.9313708756769379,True,True,True,True,0.9434523809523809,2,0.06666666666666667,2018-10-01
ZENSARTECH.NS,Information Technology,,71807473.34000193,201.8765305328369,253.1894989013672,True,0.9061448343765821,0.5768107422515885,0.8628854492832061,True,True,True,True,0.9226190476190476,3,0.06666666666666667,2018-10-01
MPHASIS.NS,Information Technology,,388032961.03054404,815.8085266113281,980.0525512695312,True,0.9417048888523429,0.47099564037974484,0.8984455037589669,True,True,True,True,0.9196428571428571,4,0.06666666666666667,2018-10-01
COFORGE.NS,Information Technology,,1184134915.6328163,183.2026208496094,202.00982666015625,True,1.1365290937510362,0.24981753907580884,1.0932697086576602,True,True,True,True,0.9047619047619047,5,0.06666666666666667,2018-10-01
ABBOTINDIA.NS,Healthcare,,83415547.97367351,5899.768005371094,7081.09912109375,True,0.841988552739166,0.46058847991481877,0.7987291676457899,True,True,True,True,0.8988095238095238,6,0.06666666666666667,2018-10-01
TCS.NS,Information Technology,,4683792870.856287,1383.7068170166015,1787.6768798828125,True,0.7714962982460798,0.549536466402927,0.7282369131527038,True,True,True,True,0.8928571428571429,7,0.06666666666666667,2018-10-01
PAGEIND.NS,Textiles,,1171813308.0388346,23593.4971484375,30052.83984375,True,0.7326965458460304,0.4794591277173441,0.6894371607526544,True,True,True,True,0.8779761904761905,8,0.06666666666666667,2018-10-01
ASTRAZEN.NS,Healthcare,,68678061.68273926,1255.2848046875,1539.6788330078125,True,0.6794823065502018,0.6327520794757402,0.6362229214568258,True,True,True,True,0.8571428571428572,9,0.06666666666666667,2018-10-01
SONATSOFTW.NS,Information Technology,,135843461.74617374,96.95323993682861,112.45477294921876,True,1.507107228844962,0.17138684878402355,1.463847843751586,True,True,True,True,0.8422619047619048,10,0.06666666666666667,2018-10-01
UBL.NS,Fast Moving Consumer Goods,,991142421.892393,1117.215263671875,1322.2918701171875,True,0.6803192481154954,0.4089011991875826,0.6370598630221194,True,True,True,True,0.8422619047619047,11,0.06666666666666667,2018-10-01
INFY.NS,Information Technology,,4857701262.838755,485.9401383972168,588.2664794921875,True,0.6884955476251562,0.29626508146007513,0.6452361625317802,True,True,True,True,0.8273809523809524,12,0.06666666666666667,2018-10-01
GRAPHITE.NS,Capital Goods,,716438558.3686615,651.7335983276367,678.4110717773438,True,1.43565388084388,0.13070915916079362,1.392394495750504,True,True,True,True,0.8095238095238095,13,0.06666666666666667,2018-10-01
BIOCON.NS,Healthcare,,1586226825.376231,299.0062855529785,341.53973388671875,True,0.9491535784927307,0.14743466514435077,0.9058941933993547,True,True,True,True,0.7857142857142858,14,0.06666666666666667,2018-10-01
HEG.NS,Capital Goods,,804683928.6522928,546.8257011413574,575.4859008789062,True,2.4556804347326127,0.052726769893595815,2.412421049639237,True,True,True,True,0.7827380952380952,15,0.06666666666666667,2018-10-01
ADANIENT.NS,Metals & Mining,,2560545532.5889096,106.5108050918579,167.82376098632812,True,1.4505845665170565,0.8742323970207222,1.4849690593080562,True,True,True,True,0.9897260273972602,1,0.06666666666666667,2018-11-01
HEG.NS,Capital Goods,,1067294262.6566569,580.0570808410645,734.7969970703125,True,2.261195184156313,0.6254478992228603,2.295579676947313,True,True,True,True,0.9897260273972602,2,0.06666666666666667,2018-11-01
GRAPHITE.NS,Capital Goods,,642237924.2694987,670.5885649108886,765.57568359375,True,1.1855592035193534,0.41360235883041674,1.2199436963103532,True,True,True,True,0.9623287671232876,3,0.06666666666666667,2018-11-01
LTTS.NS,Information Technology,,240579723.16716513,1238.4798461914063,1544.2618408203125,True,1.106650817845943,0.28240706152477646,1.1410353106369429,True,True,True,True,0.9383561643835615,4,0.06666666666666667,2018-11-01
INTELLECT.NS,Information Technology,,207421947.66808674,199.52075942993164,246.9198303222656,True,0.9404946432395884,0.2963345735538625,0.9748791360305883,True,True,True,True,0.9212328767123288,5,0.06666666666666667,2018-11-01
ASTRAZEN.NS,Healthcare,,64729594.1634318,1304.6729669189453,1688.394287109375,True,0.7262066843846935,0.7197152732879097,0.7605911771756934,True,True,True,True,0.9006849315068493,6,0.06666666666666667,2018-11-01
ABBOTINDIA.NS,Healthcare,,77693422.25107422,6076.231408691407,6894.4970703125,True,0.8134033389261863,0.2386595636966733,0.8477878317171862,True,True,True,True,0.8767123287671232,7,0.06666666666666667,2018-11-01
DIVISLAB.NS,Healthcare,,1553724995.2350037,1086.3123556518556,1414.3531494140625,True,0.718454198494511,0.25851798901390977,0.7528386912855108,True,True,True,True,0.863013698630137,8,0.06666666666666667,2018-11-01
ADANIPOWER.NS,Power,,1173480700.519511,5.536049998998642,9.220000267028809,True,0.5239669382405261,0.8221344607296797,0.558351431031526,True,True,True,True,0.821917808219178,9,0.06666666666666667,2018-11-01
COFORGE.NS,Information Technology,,1276742918.4665692,193.68271728515626,226.02964782714844,True,1.0262123149499285,0.095858921178402,1.0605968077409282,True,True,True,True,0.8116438356164384,10,0.06666666666666667,2018-11-01
PRAJIND.NS,Capital Goods,,165189960.1142868,81.80761108398437,99.48590087890624,True,0.6174636943119172,0.20897804959976596,0.651848187102917,True,True,True,True,0.7876712328767124,11,0.06666666666666667,2018-11-01
INFY.NS,Information Technology,,4642389221.297045,502.06880599975585,559.1167602539062,True,0.5413411746157886,0.19959975666399465,0.5757256674067884,True,True,True,True,0.7602739726027398,12,0.06666666666666667,2018-11-01
NAUKRI.NS,Consumer Services,,202074404.15342712,259.39236335754396,307.6170654296875,True,0.44471808422279846,0.31098928096761447,0.4791025770137983,True,True,True,True,0.7602739726027397,13,0.06666666666666667,2018-11-01
TECHM.NS,Information Technology,,2079441093.3304803,506.33967193603513,575.7572021484375,True,0.6252293908727435,0.13463081521678322,0.6596138836637434,True,True,True,True,0.7568493150684932,14,0.06666666666666667,2018-11-01
JKPAPER.NS,Forest Materials,,288835710.8453012,121.45831108093262,145.38308715820312,True,0.5179745376151257,0.22204766624458117,0.5523590304061256,True,True,True,True,0.7397260273972602,15,0.06666666666666667,2018-11-01
ADANIENT.NS,Metals & Mining,,1725351925.9835927,111.79787330627441,162.88778686523438,True,0.9248135457651543,0.9895835420374222,0.9342255441063436,True,True,True,True,0.9897959183673469,1,0.06666666666666667,2018-12-03
HEG.NS,Capital Goods,,958963171.4506582,606.8764819335937,724.3185424804688,True,1.4669662362640388,0.2466303200289932,1.476378234605228,True,True,True,True,0.9540816326530612,2,0.06666666666666667,2018-12-03
USHAMART.NS,Capital Goods,,89908447.54443808,26.065431270599365,36.81884002685547,True,0.5925157105169674,0.576131816604873,0.6019277088581567,True,True,True,True,0.9464285714285715,3,0.06666666666666667,2018-12-03
ADANIPOWER.NS,Power,,1093863707.7600439,5.750800002813339,11.100000381469728,True,0.5655853515628155,1.7407407058555369,0.5749973499040049,True,True,True,True,0.9387755102040816,4,0.06666666666666667,2018-12-03
LTTS.NS,Information Technology,,193780107.04951578,1280.5320196533203,1412.7537841796875,True,0.7186640215352782,0.19056183843910857,0.7280760198764675,True,True,True,True,0.9132653061224489,5,0.06666666666666667,2018-12-03
VIPIND.NS,Consumer Durables,,180703642.4355606,420.239196472168,518.5604248046875,True,0.5553744999574821,0.2740357432351528,0.5647864982986714,True,True,True,True,0.8928571428571429,6,0.06666666666666667,2018-12-03
GRAPHITE.NS,Capital Goods,,480071356.2083232,688.1517195129395,767.4116821289062,True,0.6758625846510156,0.15560366917567436,0.6852745829922049,True,True,True,True,0.8903061224489796,7,0.06666666666666667,2018-12-03
AARTIIND.NS,Chemicals,,54914414.48266042,298.94078773498535,339.7463073730469,True,0.5791320878309405,0.17966617824765097,0.5885440861721298,True,True,True,True,0.8801020408163265,8,0.06666666666666667,2018-12-03
DIVISLAB.NS,Healthcare,,1910256515.080605,1128.2490121459962,1371.33642578125,True,0.41498425082052237,0.32811434516350224,0.4243962491617117,True,True,True,True,0.8316326530612245,9,0.06666666666666667,2018-12-03
BAJFINANCE.NS,Financial Services,,6938056873.969883,215.37606048583984,247.5797882080078,True,0.4329950662875701,0.2134235605234056,0.44240706462875945,True,True,True,True,0.826530612244898,10,0.06666666666666667,2018-12-03
IPCALAB.NS,Healthcare,,120644457.17725118,342.5522808837891,388.3054809570313,True,0.4842719475852517,0.17859927985364044,0.49368394592644105,True,True,True,True,0.8239795918367346,11,0.06666666666666667,2018-12-03
JKPAPER.NS,Forest Materials,,206764258.7247153,123.79103504180908,143.70657348632812,True,0.4279069848538477,0.26842079425644205,0.43731898319503704,True,True,True,True,0.8214285714285714,12,0.06666666666666667,2018-12-03
BATAINDIA.NS,Consumer Durables,,969959684.7648937,799.7524987792968,974.3402099609376,True,0.4000422724697472,0.3495772022116592,0.40945427081093655,True,True,True,True,0.8137755102040817,13,0.06666666666666667,2018-12-03
TORNTPHARM.NS,Healthcare,,392098673.1117025,678.6559579467773,803.4432983398438,True,0.40356035374082055,0.29657230586724004,0.4129723520820099,True,True,True,True,0.8112244897959183,14,0.06666666666666667,2018-12-03
SANOFI.NS,Healthcare,,51316787.958162434,3964.3713000488283,4435.84521484375,True,0.4035706450366936,0.25056711551811683,0.41298264337788293,True,True,True,True,0.8035714285714286,15,0.06666666666666667,2018-12-03
ADANIENT.NS,Metals & Mining,,959241326.6074336,116.5865786743164,158.93896484375,True,0.8413932626538263,0.9818590355064976,0.8620533267328571,True,True,True,True,0.9911504424778761,1,0.06666666666666667,2019-01-01
LTTS.NS,Information Technology,,155385964.88463542,1304.729917602539,1557.9873046875,True,0.7110601400671421,0.33494004081059314,0.7317202041461729,True,True,True,True,0.9579646017699115,2,0.06666666666666667,2019-01-01
BATAINDIA.NS,Consumer Durables,,1027929976.3432729,835.0300949096679,1059.325439453125,True,0.5189130889861746,0.38290725136794856,0.5395731530652054,True,True,True,True,0.9491150442477877,3,0.06666666666666667,2019-01-01
USHAMART.NS,Capital Goods,,54033474.77713941,27.502615823745728,34.75198745727539,True,0.6102449120996052,0.2796460769930451,0.630904976178636,True,True,True,True,0.9402654867256637,4,0.06666666666666667,2019-01-01
ADANIPOWER.NS,Power,,1083269859.422976,6.165700002908706,10.1899995803833,True,0.4291724287275591,1.838440062397929,0.4498324928065899,True,True,True,True,0.9269911504424779,5,0.06666666666666667,2019-01-01
HEG.NS,Capital Goods,,931168207.6371664,628.581018371582,642.3131103515625,True,0.9660213246639262,0.1556429527044012,0.986681388742957,True,True,True,True,0.9225663716814159,6,0.06666666666666667,2019-01-01
DIVISLAB.NS,Healthcare,,1677569959.42889,1172.8225772094727,1412.5904541015625,True,0.409828020694071,0.4466145926928464,0.43048808477310174,True,True,True,True,0.8960176991150444,7,0.06666666666666667,2019-01-01
VIPIND.NS,Consumer Durables,,181352394.36554363,437.279358215332,501.563232421875,True,0.4821154346128169,0.2115604959258286,0.5027754986918477,True,True,True,True,0.8915929203539823,8,0.06666666666666667,2019-01-01
LINDEINDIA.NS,Chemicals,,103595436.69686127,462.4596661376953,659.5330810546875,True,0.3743758128558783,0.47594736805441995,0.39503587693490905,True,True,True,True,0.8805309734513275,9,0.06666666666666667,2019-01-01
AARTIIND.NS,Chemicals,,70118738.2342275,305.60280906677247,341.5918884277344,True,0.4170427459322925,0.18117809220659553,0.4377028100113233,True,True,True,True,0.8539823008849556,10,0.06666666666666667,2019-01-01
IPCALAB.NS,Healthcare,,116264661.58587748,349.7396760559082,391.0600891113281,True,0.3989838519626594,0.24231489404276685,0.41964391604169016,True,True,True,True,0.8539823008849556,11,0.06666666666666667,2019-01-01
BAJFINANCE.NS,Financial Services,,5980254585.006757,224.02254890441895,258.0627136230469,True,0.49666550207025595,0.10838137986695418,0.5173255661492867,True,True,True,True,0.8230088495575222,12,0.06666666666666667,2019-01-01
COFORGE.NS,Information Technology,,1020421844.4340311,205.9044691467285,211.62142944335932,True,0.8167109159149004,0.06078419644546651,0.8373709799939312,True,True,True,True,0.8075221238938053,13,0.06666666666666667,2019-01-01
NESTLEIND.NS,Fast Moving Consumer Goods,,707308671.893392,445.52557693481447,504.8488159179688,True,0.41066721787356597,0.12762332881499283,0.43132728195259673,True,True,True,True,0.8008849557522124,14,0.06666666666666667,2019-01-01
TORNTPHARM.NS,Healthcare,,321949039.6630452,696.0292956542969,802.356201171875,True,0.31215200029305756,0.21084121560101798,0.3328120643720883,True,True,True,True,0.7964601769911505,15,0.06666666666666667,2019-01-01
DIVISLAB.NS,Healthcare,,1312219118.8005636,1218.6439205932618,1435.0277099609375,True,0.3781890211212364,0.41105154650064657,0.46660990098961996,True,True,True,True,0.9259259259259259,1,0.06666666666666667,2019-02-01
AARTIIND.NS,Chemicals,,87796023.2027359,315.87010955810547,384.6427917480469,True,0.45084715990119384,0.2909399780343116,0.5392680397695774,True,True,True,True,0.919753086419753,2,0.06666666666666667,2019-02-01
BATAINDIA.NS,Consumer Durables,,828586399.4418498,878.8357290649415,1044.6630859375,True,0.5332373449037822,0.22197943167592737,0.6216582247721657,True,True,True,True,0.9104938271604938,3,0.06666666666666667,2019-02-01
NESTLEIND.NS,Fast Moving Consumer Goods,,720125862.5378418,462.6525402832031,523.6585083007812,True,0.5297573230560482,0.12103315739216836,0.6181782029244317,True,True,True,True,0.8425925925925926,4,0.06666666666666667,2019-02-01
COFORGE.NS,Information Technology,,851771709.4698423,212.74878936767578,241.34930419921875,True,0.6916358980342692,0.05090310372203599,0.7800567779026527,True,True,True,True,0.8302469135802469,5,0.06666666666666667,2019-02-01
LTTS.NS,Information Technology,,137471248.3945516,1351.7970794677735,1445.72216796875,True,0.5894158793749731,0.054858285567909615,0.6778367592433566,True,True,True,True,0.8240740740740741,6,0.06666666666666667,2019-02-01
ABFRL.NS,Consumer Services,,195527612.10041124,170.33563301086426,206.5056610107422,True,0.2518672481278956,0.49749824148268496,0.34028812799627917,True,True,True,True,0.808641975308642,7,0.06666666666666667,2019-02-01
TORNTPHARM.NS,Healthcare,,368946754.56481117,726.1209454345703,823.8260498046875,True,0.2727106430714481,0.21687341468021337,0.36113152293983164,True,True,True,True,0.787037037037037,8,0.06666666666666667,2019-02-01
NAUKRI.NS,Consumer Services,,380404647.6971385,275.64053619384765,341.0367431640625,True,0.26252054191567575,0.25469490618271506,0.3509414217840593,True,True,True,True,0.7839506172839505,9,0.06666666666666667,2019-02-01
INFY.NS,Information Technology,,4787120857.057271,535.1088795471192,613.9127197265625,True,0.326229936072721,0.10959786789797121,0.41465081594110453,True,True,True,True,0.7808641975308641,10,0.06666666666666667,2019-02-01
UBL.NS,Fast Moving Consumer Goods,,792629505.4585226,1213.981318359375,1391.8963623046875,True,0.23340502153458464,0.3070285360185476,0.3218259014029682,True,True,True,True,0.7561728395061729,11,0.06666666666666667,2019-02-01
ASTRAL.NS,Capital Goods,,68488687.97850087,456.65138366699216,503.32025146484375,True,0.36297661276040394,0.02261727504655542,0.4513974926287875,True,True,True,True,0.7469135802469136,12,0.06666666666666667,2019-02-01
TECHM.NS,Information Technology,,1369377989.9907634,534.730724029541,566.469482421875,True,0.27241416515984196,0.1579779769188847,0.3608350450282255,True,True,True,True,0.7376543209876543,13,0.06666666666666667,2019-02-01
BAJFINANCE.NS,Financial Services,,3852334784.6876907,232.9560140991211,251.20413208007807,True,0.5094957617817475,-0.039826499480630106,0.597916641650131,True,True,True,True,0.7253086419753086,14,0.06666666666666667,2019-02-01
DABUR.NS,Fast Moving Consumer Goods,,1107866798.087533,377.8617449951172,415.29827880859375,True,0.24315222288522897,0.19249080536913343,0.3315731027536125,True,True,True,True,0.7222222222222221,15,0.06666666666666667,2019-02-01
BATAINDIA.NS,Consumer Durables,,931156390.9334117,919.8666275024414,1203.6134033203125,True,0.8378491575205256,0.19933017538134234,0.8609358643607118,True,True,True,True,0.9659090909090909,1,0.06666666666666667,2019-03-01
PRAJIND.NS,Capital Goods,,618853404.5830343,92.60671794891357,128.267333984375,True,0.6377723868103855,0.7957548966473984,0.6608590936505717,True,True,True,True,0.9659090909090909,2,0.06666666666666667,2019-03-01
DIVISLAB.NS,Healthcare,,1002719606.5724548,1258.2342428588868,1576.08203125,True,0.6558880744638065,0.2813722103233556,0.6789747813039927,True,True,True,True,0.9545454545454546,3,0.06666666666666667,2019-03-01
ADANIPOWER.NS,Power,,634225016.709142,6.9820500075817105,9.630000114440918,True,0.5358851903884534,0.5358851903884534,0.5589718972286396,True,True,True,True,0.9517045454545455,4,0.06666666666666667,2019-03-01
NAUKRI.NS,Consumer Services,,370579560.51226044,284.7780316925049,349.5942077636719,True,0.5295254206510913,0.1430469129559353,0.5526121274912775,True,True,True,True,0.9034090909090908,5,0.06666666666666667,2019-03-01
TECHM.NS,Information Technology,,1780076286.348348,545.5799690246582,642.5121459960938,True,0.4263705243757514,0.1553127895986588,0.4494572312159376,True,True,True,True,0.8892045454545454,6,0.06666666666666667,2019-03-01
ABFRL.NS,Consumer Services,,221845996.7264056,176.84869346618652,222.0798492431641,True,0.5045075088277584,0.11507052669910611,0.5275942156679446,True,True,True,True,0.8835227272727272,7,0.06666666666666667,2019-03-01
MUTHOOTFIN.NS,Financial Services,,694861693.2623596,386.3178869628906,462.0396728515625,True,0.39886074106158853,0.29602354944060827,0.42194744790177474,True,True,True,True,0.8806818181818182,8,0.06666666666666667,2019-03-01
COFORGE.NS,Information Technology,,849453112.0472908,217.75176734924315,243.18145751953125,True,0.6796178889695592,-0.0024016139206098908,0.7027045958097454,True,True,True,True,0.8323863636363636,9,0.06666666666666667,2019-03-01
UPL.NS,Chemicals,,1292145264.151071,435.3643682861328,545.2728271484375,True,0.2904029552701233,0.34292265667418476,0.3134896621103095,True,True,True,True,0.8011363636363636,10,0.06666666666666667,2019-03-01
AXISBANK.NS,Financial Services,,7056388870.997812,598.571512145996,705.7232055664062,True,0.3242814677749981,0.10884501570306981,0.3473681746151843,True,True,True,True,0.7926136363636362,11,0.06666666666666667,2019-03-01
HAVELLS.NS,Consumer Durables,,809875729.1870503,604.3909419250489,679.5362548828125,True,0.4232327344288247,0.022366959178038215,0.4463194412690109,True,True,True,True,0.7926136363636362,12,0.06666666666666667,2019-03-01
INFY.NS,Information Technology,,4465003776.167511,549.636939239502,601.42236328125,True,0.3328773044445299,0.08303967612030205,0.3559640112847161,True,True,True,True,0.7840909090909092,13,0.06666666666666667,2019-03-01
TORNTPHARM.NS,Healthcare,,359359010.0627401,744.625954284668,822.0526733398438,True,0.3449253014608382,0.02451945334056882,0.36801200830102443,True,True,True,True,0.7613636363636365,14,0.06666666666666667,2019-03-01
CGCL.NS,Financial Services,,53236010.181854755,102.39245849609375,120.4585952758789,True,0.25985011144053693,0.2989322654754045,0.28293681828072315,True,True,True,True,0.7556818181818182,15,0.06666666666666667,2019-03-01
CGCL.NS,Financial Services,,71871573.52903455,107.02674682617187,164.35171508789062,True,1.051384633404611,0.615384476945241,0.9749871530309651,True,True,True,True,0.9966216216216216,1,0.06666666666666667,2019-04-01
ADANIPOWER.NS,Power,,655958901.4940498,7.507000012397766,9.380000114440918,True,0.8178295332983898,0.7969349600484437,0.7414320529247438,True,True,True,True,0.9847972972972974,2,0.06666666666666667,2019-04-01
PRAJIND.NS,Capital Goods,,743533801.0208174,97.59441455841065,139.74722290039062,True,0.9102681401682129,0.5437655445250826,0.8338706597945669,True,True,True,True,0.981418918918919,3,0.06666666666666667,2019-04-01
BATAINDIA.NS,Consumer Durables,,972701168.8611959,969.2567651367187,1319.9776611328125,True,1.049413709707912,0.45180021700628137,0.9730162293342659,True,True,True,True,0.9797297297297296,4,0.06666666666666667,2019-04-01
BALRAMCHIN.NS,Fast Moving Consumer Goods,,322677235.12206966,86.77382472991944,126.60718536376952,True,0.6137221633250889,0.7493892033415235,0.5373246829514429,True,True,True,True,0.9729729729729729,5,0.06666666666666667,2019-04-01
BAJFINANCE.NS,Financial Services,,3642358924.7635117,246.66960411071778,292.2772216796875,True,0.8107763364116574,0.2590778531966289,0.7343788560380113,True,True,True,True,0.9307432432432432,6,0.06666666666666667,2019-04-01
MUTHOOTFIN.NS,Financial Services,,538421094.8691711,400.74897048950197,533.7520751953125,True,0.5661829614579033,0.333661322231936,0.48978548108425723,True,True,True,True,0.9222972972972973,7,0.06666666666666667,2019-04-01
TIINDIA.NS,Automobile and Auto Components,,59376152.51235555,293.3183469390869,376.3206787109375,True,0.5365010513601143,0.35128149157273336,0.46010357098646826,True,True,True,True,0.9138513513513514,8,0.06666666666666667,2019-04-01
ABFRL.NS,Consumer Services,,204142568.61783347,183.86052200317383,218.4820098876953,True,0.5871821714268486,0.21186438095831361,0.5107846910532026,True,True,True,True,0.8952702702702703,9,0.06666666666666667,2019-04-01
AXISBANK.NS,Financial Services,,7529352575.587718,616.8215515136719,776.489501953125,True,0.4981768575909271,0.3029038503961248,0.4217793772172811,True,True,True,True,0.8851351351351352,10,0.06666666666666667,2019-04-01
IPCALAB.NS,Healthcare,,158043398.22787884,368.3031274414063,467.8241271972656,True,0.4531367261271515,0.34550945379534226,0.3767392457535055,True,True,True,True,0.8733108108108107,11,0.06666666666666667,2019-04-01
HAVELLS.NS,Consumer Durables,,896067542.3516774,621.9892826843262,722.4732055664062,True,0.5354485647798846,0.1976220975979468,0.45905108440623854,True,True,True,True,0.8614864864864865,12,0.06666666666666667,2019-04-01
NAUKRI.NS,Consumer Services,,461029927.27318066,296.0709986114502,365.3193054199219,True,0.47512070368390114,0.22469254503622227,0.3987232233102551,True,True,True,True,0.8564189189189189,13,0.06666666666666667,2019-04-01
DIVISLAB.NS,Healthcare,,1048266636.5747315,1307.6564212036133,1576.36767578125,True,0.5235448220126768,0.19208180106799544,0.4471473416390308,True,True,True,True,0.8530405405405405,14,0.06666666666666667,2019-04-01
RBLBANK.NS,Financial Services,,1152348682.4225037,550.7062767028808,664.0479736328125,True,0.4767374491367853,0.21200841428512396,0.40033996876313926,True,True,True,True,0.8513513513513513,15,0.06666666666666667,2019-04-01
BATAINDIA.NS,Consumer Durables,,1035017260.9205017,1023.670426940918,1357.8939208984375,True,0.8837548166589657,0.6659981277515639,0.8458772563067289,True,True,True,True,0.989051094890511,1,0.06666666666666667,2019-05-02
BALRAMCHIN.NS,Fast Moving Consumer Goods,,341733772.2527008,93.3198462486267,141.02842712402344,True,1.1879139945868151,0.593163306306693,1.1500364342345784,True,True,True,True,0.9890510948905109,2,0.06666666666666667,2019-05-02
CGCL.NS,Financial Services,,98728286.61520156,115.09800357818604,156.4783172607422,True,0.6855619306533816,0.573731827302604,0.6476843703011448,True,True,True,True,0.9708029197080292,3,0.06666666666666667,2019-05-02
BAJFINANCE.NS,Financial Services,,3755018703.0737076,253.86711585998535,302.0430908203125,True,0.6095031010750946,0.46356401610499676,0.5716255407228579,True,True,True,True,0.9434306569343066,4,0.06666666666666667,2019-05-02
ADANIPOWER.NS,Power,,779925550.9994797,8.123550021648407,8.979999542236328,True,0.7403100402687144,0.34632675255168643,0.7024324799164776,True,True,True,True,0.9215328467153285,5,0.06666666666666667,2019-05-02
MUTHOOTFIN.NS,Financial Services,,534005218.26168007,419.5491070556641,532.9014892578125,True,0.4200254955581195,0.5247320691058259,0.38214793520588275,True,True,True,True,0.8959854014598541,6,0.06666666666666667,2019-05-02
NAUKRI.NS,Consumer Services,,426988737.7743886,309.07422332763673,377.64544677734375,True,0.5809812898413402,0.3286682562415977,0.5431037294891035,True,True,True,True,0.8959854014598541,7,0.06666666666666667,2019-05-02
DIVISLAB.NS,Healthcare,,1052922289.1062256,1368.1792630004884,1664.30615234375,True,0.4983251260977124,0.3519986013940246,0.46044756574547563,True,True,True,True,0.8923357664233577,8,0.06666666666666667,2019-05-02
AXISBANK.NS,Financial Services,,7306541304.35817,639.1832958984374,762.7142333984375,True,0.47969116239195797,0.364380443506541,0.4418136020397212,True,True,True,True,0.8886861313868613,9,0.06666666666666667,2019-05-02
PRAJIND.NS,Capital Goods,,431476949.5028001,102.8103052520752,123.6121063232422,True,0.5308959756887226,0.3202029167676046,0.4930184153364858,True,True,True,True,0.8886861313868613,10,0.06666666666666667,2019-05-02
RELIANCE.NS,Oil Gas & Consumable Fuels,,11583928042.948235,528.0167143249512,616.505126953125,True,0.49478690989660246,0.31068540362102604,0.4569093495443657,True,True,True,True,0.8686131386861313,11,0.06666666666666667,2019-05-02
ICICIGI.NS,Financial Services,,327413276.49574584,822.7535577392578,1042.691650390625,True,0.422874183428972,0.362030315301169,0.3849966230767352,True,True,True,True,0.864963503649635,12,0.06666666666666667,2019-05-02
BAJAJFINSV.NS,Financial Services,,1496181512.440623,636.9553295898437,749.6912231445312,True,0.40038040639159345,0.4324121093806943,0.3625028460393567,True,True,True,True,0.8521897810218978,13,0.06666666666666667,2019-05-02
HAVELLS.NS,Consumer Durables,,835844197.1716645,642.200166015625,735.8672485351562,True,0.426026956062713,0.31441411376999207,0.38814939571047624,True,True,True,True,0.8485401459854014,14,0.06666666666666667,2019-05-02
IPCALAB.NS,Healthcare,,187556232.44325256,381.3850207519531,464.3869323730469,True,0.3438843539397536,0.44274471169293994,0.3060067935875168,True,True,True,True,0.8284671532846715,15,0.06666666666666667,2019-05-02
DCMSHRIRAM.NS,Diversified,,115563084.97802226,360.57038513183596,506.5021057128906,True,1.1937538715542466,0.5755576159566558,1.117305035412329,True,True,True,True,0.9859374999999999,1,0.06666666666666667,2019-06-03
BALRAMCHIN.NS,Fast Moving Consumer Goods,,268895893.10979563,101.93734210968017,144.21234130859375,True,1.388158286649115,0.48276982740450025,1.3117094505071973,True,True,True,True,0.98125,2,0.06666666666666667,2019-06-03
CGCL.NS,Financial Services,,113017856.07187232,125.68781757354736,184.2002868652344,True,1.1440879307391265,0.48611636709410244,1.067639094597209,True,True,True,True,0.9750000000000001,3,0.06666666666666667,2019-06-03
JUSTDIAL.NS,Consumer Services,,2931517190.329182,531.9987495422363,765.5999755859375,True,0.8806189243614604,0.5416833793319551,0.8041700882195428,True,True,True,True,0.9640624999999999,4,0.06666666666666667,2019-06-03
NAUKRI.NS,Consumer Services,,449623703.6933034,322.8780514526367,401.0962524414063,True,0.7393790409616456,0.47491577919673245,0.6629302048197281,True,True,True,True,0.9468749999999999,5,0.06666666666666667,2019-06-03
BATAINDIA.NS,Consumer Durables,,1036677937.0348856,1074.593305053711,1237.3272705078125,True,0.7892821554313414,0.3824082486914686,0.7128333192894238,True,True,True,True,0.9359375000000001,6,0.06666666666666667,2019-06-03
MUTHOOTFIN.NS,Financial Services,,551601239.941007,439.89318786621095,580.8358154296875,True,0.6625056045541866,0.4624993804703508,0.5860567684122691,True,True,True,True,0.9359375,7,0.06666666666666667,2019-06-03
BAJFINANCE.NS,Financial Services,,4320372601.409062,261.2213777923584,338.252685546875,True,0.6495565980915567,0.45584718828509363,0.5731077619496392,True,True,True,True,0.928125,8,0.06666666666666667,2019-06-03
ICICIGI.NS,Financial Services,,842071703.2974854,861.2831500244141,1121.9892578125,True,0.6107373423472444,0.4579593724674811,0.5342885062053269,True,True,True,True,0.925,9,0.06666666666666667,2019-06-03
INDIGO.NS,Services,,3480314594.372091,1138.9516555786133,1668.245361328125,True,0.487938687580004,0.6331838428368997,0.4114898514380865,True,True,True,True,0.909375,10,0.06666666666666667,2019-06-03
PRAJIND.NS,Capital Goods,,289891130.92591184,108.4971327972412,131.25030517578125,True,0.6105314913820963,0.34485553226040877,0.5340826552401787,True,True,True,True,0.8968750000000001,11,0.06666666666666667,2019-06-03
SRF.NS,Chemicals,,1003753221.8955078,420.89621826171873,555.649658203125,True,0.5252384587186458,0.3733806465978531,0.4487896225767283,True,True,True,True,0.890625,12,0.06666666666666667,2019-06-03
PFC.NS,Financial Services,,564006608.1569705,50.515702114105224,62.81913757324219,True,0.6980874673339816,0.2511325041864192,0.6216386311920641,True,True,True,True,0.884375,13,0.06666666666666667,2019-06-03
AXISBANK.NS,Financial Services,,6401491836.791826,664.4517810058594,803.940673828125,True,0.53421290858527,0.31527136096078445,0.4577640724433525,True,True,True,True,0.8828125,14,0.06666666666666667,2019-06-03
AARTIIND.NS,Chemicals,,171377184.9136673,344.69829345703124,443.4407653808594,True,0.5341722501779052,0.2746738063837437,0.4577234140359876,True,True,True,True,0.8671875,15,0.06666666666666667,2019-06-03
DCMSHRIRAM.NS,Diversified,,115759045.09745026,374.6306336975098,513.1641845703125,True,0.8850015862143956,0.6061903327297156,0.8513692542255529,True,True,True,True,0.9822695035460992,1,0.06666666666666667,2019-07-01
BALRAMCHIN.NS,Fast Moving Consumer Goods,,232672221.58994687,108.71116069793702,130.30612182617188,True,0.9258893581475363,0.34675641108537025,0.8922570261586935,True,True,True,True,0.9716312056737588,2,0.06666666666666667,2019-07-01
NAUKRI.NS,Consumer Services,,475353739.5491511,336.20572662353516,438.9632873535156,True,0.8077866311542916,0.43822130668828274,0.7741542991654489,True,True,True,True,0.9627659574468085,3,0.06666666666666667,2019-07-01
CGCL.NS,Financial Services,,107085056.28120652,132.81137573242188,163.88023376464844,True,0.9223178165731585,0.3241900982281405,0.8886854845843157,True,True,True,True,0.9592198581560283,4,0.06666666666666667,2019-07-01
BATAINDIA.NS,Consumer Durables,,986116341.2769715,1110.0341961669922,1350.8428955078125,True,0.8645974089149187,0.3068755931429954,0.8309650769260759,True,True,True,True,0.9432624113475178,5,0.06666666666666667,2019-07-01
RECLTD.NS,Financial Services,,523684902.3904763,54.61138542175293,73.80545043945312,True,0.5986669716207604,0.6253412580069304,0.5650346396319177,True,True,True,True,0.9361702127659574,6,0.06666666666666667,2019-07-01
BAJFINANCE.NS,Financial Services,,4255383159.419459,267.80401863098143,359.13067626953125,True,0.614742629679967,0.4205062885922717,0.5811102976911242,True,True,True,True,0.9343971631205674,7,0.06666666666666667,2019-07-01
PFC.NS,Financial Services,,573635658.2455193,52.84387628555298,67.82242584228516,True,0.6256812630966415,0.3631286500993218,0.5920489311077988,True,True,True,True,0.9343971631205674,8,0.06666666666666667,2019-07-01
MUTHOOTFIN.NS,Financial Services,,505641474.22795206,459.299754486084,575.5693359375,True,0.6991399189396934,0.31679077449077164,0.6655075869508507,True,True,True,True,0.9308510638297873,9,0.06666666666666667,2019-07-01
SRF.NS,Chemicals,,1086694763.7208633,440.0849253845215,593.8658447265625,True,0.6085089527769552,0.350464659093622,0.5748766207881124,True,True,True,True,0.9202127659574468,10,0.06666666666666667,2019-07-01
PRAJIND.NS,Capital Goods,,187726304.61493504,113.65566860198975,127.137451171875,True,0.6588589023842981,0.2636434303039925,0.6252265703954554,True,True,True,True,0.9042553191489362,11,0.06666666666666667,2019-07-01
TITAN.NS,Consumer Durables,,2306082385.173297,986.1232992553711,1303.302734375,True,0.4838036852105716,0.44019423352037657,0.45017135322172885,True,True,True,True,0.900709219858156,12,0.06666666666666667,2019-07-01
PIIND.NS,Chemicals,,151144523.15108135,893.6505239868164,1149.6090087890625,True,0.4817156131254028,0.3983549694395583,0.44808328113656004,True,True,True,True,0.8900709219858156,13,0.06666666666666667,2019-07-01
ICICIGI.NS,Financial Services,,1254242591.2924297,895.7987863159179,1064.2899169921875,True,0.5554049467499851,0.2890530416521866,0.5217726147611423,True,True,True,True,0.8882978723404255,14,0.06666666666666667,2019-07-01
AXISBANK.NS,Financial Services,,6163036176.262476,681.124375,804.1893310546875,True,0.5291726698109331,0.277431075463598,0.4955403378220904,True,True,True,True,0.874113475177305,15,0.06666666666666667,2019-07-01
BALRAMCHIN.NS,Fast Moving Consumer Goods,,188084542.70047328,116.62998477935791,132.64724731445312,True,1.2564706625939546,0.37355046688031357,1.280700522517151,True,True,True,True,0.980952380952381,1,0.06666666666666667,2019-08-01
SRF.NS,Chemicals,,1088782675.1742122,460.0326220703125,527.3387451171875,True,0.6967706554084341,0.3153980757400916,0.7210005153316306,True,True,True,True,0.9523809523809524,2,0.06666666666666667,2019-08-01
NAUKRI.NS,Consumer Services,,456120886.1843669,351.70508758544923,438.52386474609375,True,0.668302900848156,0.2994647430248345,0.6925327607713525,True,True,True,True,0.9357142857142857,3,0.06666666666666667,2019-08-01
ICICIGI.NS,Financial Services,,1241937229.1515086,924.5575692749023,1154.9775390625,True,0.6183363570885265,0.455201262645915,0.642566217011723,True,True,True,True,0.9309523809523809,4,0.06666666666666667,2019-08-01
RECLTD.NS,Financial Services,,686625588.0119457,57.22559057235718,62.81077194213867,True,0.6952285791061925,0.25627390495926106,0.719458439029389,True,True,True,True,0.9261904761904762,5,0.06666666666666667,2019-08-01
RITES.NS,Construction,,96226971.93534978,75.27531860351563,89.6683120727539,True,0.621292655132176,0.2716067842513845,0.6455225150553725,True,True,True,True,0.9071428571428573,6,0.06666666666666667,2019-08-01
ADANIPOWER.NS,Power,,1111211802.980939,9.718750033378601,12.199999809265137,True,1.9611650845008706,0.1787438994792292,1.985394944424067,True,True,True,True,0.9071428571428571,7,0.06666666666666667,2019-08-01
CGCL.NS,Financial Services,,81945803.29705735,138.44579185485838,146.80262756347656,True,1.027855873602904,0.19164673076007221,1.0520857335261005,True,True,True,True,0.9071428571428571,8,0.06666666666666667,2019-08-01
INDIGO.NS,Services,,3934485940.9244566,1269.3167306518556,1549.7176513671875,True,0.4259837914406288,0.4037680950131035,0.4502136513638253,True,True,True,True,0.8761904761904762,9,0.06666666666666667,2019-08-01
UPL.NS,Chemicals,,2665769357.159745,529.7159199523926,558.9505004882812,True,0.6349061403743674,0.17927991496369677,0.6591360002975639,True,True,True,True,0.8666666666666667,10,0.06666666666666667,2019-08-01
GODREJPROP.NS,Realty,,466017386.5675059,770.3972494506836,952.9500122070312,True,0.4204053920542037,0.33223826152622027,0.44463525197740017,True,True,True,True,0.861904761904762,11,0.06666666666666667,2019-08-01
ADANIGREEN.NS,Power,,63268726.70294946,40.58625000953674,46.79999923706055,True,0.5731092180524553,0.2332015361318167,0.5973390779756518,True,True,True,True,0.8595238095238095,12,0.06666666666666667,2019-08-01
PIIND.NS,Chemicals,,161756063.6005839,936.5962496948242,1077.583740234375,True,0.44464486304329043,0.2664398879888741,0.4688747229664869,True,True,True,True,0.8523809523809524,13,0.06666666666666667,2019-08-01
ICICIBANK.NS,Financial Services,,6823897768.183774,366.5339698791504,410.6678771972656,True,0.6274810236776807,0.15851224353683602,0.6517108836008771,True,True,True,True,0.842857142857143,14,0.06666666666666667,2019-08-01
KPIL.NS,Construction,,51392407.82811788,383.13116981506346,441.0563354492188,True,0.3885193331587342,0.2713563838654194,0.4127491930819307,True,True,True,True,0.8119047619047619,15,0.06666666666666667,2019-08-01
INDIGO.NS,Services,,3243073193.290621,1343.6785269165039,1687.5980224609375,True,0.6149193574293248,0.525431540525749,0.6880275648236294,True,True,True,True,0.9693877551020408,1,0.06666666666666667,2019-09-03
ADANIPOWER.NS,Power,,1011146752.3576816,10.170650038719177,11.68000030517578,True,0.8598725979234043,0.47661195075712803,0.9329808053177089,True,True,True,True,0.9617346938775511,2,0.06666666666666667,2019-09-03
HDFCAMC.NS,Financial Services,,769833226.2743672,734.1189508056641,1123.852294921875,True,0.5134862245286711,0.9193380027381,0.5865944319229757,True,True,True,True,0.9540816326530613,3,0.06666666666666667,2019-09-03
ICICIGI.NS,Financial Services,,803240272.8896525,961.354391784668,1203.239013671875,True,0.6031031809621563,0.3628923155076047,0.6762113883564609,True,True,True,True,0.9311224489795918,4,0.06666666666666667,2019-09-03
CANFINHOME.NS,Financial Services,,199372756.04838154,300.5814161682129,393.1259460449219,True,0.326018313780442,0.5322609844570432,0.39912652117474656,True,True,True,True,0.8801020408163266,5,0.06666666666666667,2019-09-03
JKCEMENT.NS,Construction Materials,,54650494.4843221,817.9193832397461,1000.7782592773438,True,0.3295779099726588,0.45199244424683194,0.40268611736696336,True,True,True,True,0.875,6,0.06666666666666667,2019-09-03
PIIND.NS,Chemicals,,170679218.49514973,972.319223022461,1120.0045166015625,True,0.4819805199131688,0.26354479387075047,0.5550887273074734,True,True,True,True,0.875,7,0.06666666666666667,2019-09-03
BATAINDIA.NS,Consumer Durables,,1003169840.3648235,1198.5243301391602,1446.922119140625,True,0.5384828847276073,0.20781844591981735,0.6115910921219119,True,True,True,True,0.8571428571428572,8,0.06666666666666667,2019-09-03
SRF.NS,Chemicals,,1087071596.8724976,480.1453112792969,542.8590698242188,True,0.42205406176312765,0.2611685990365906,0.4951622691574322,True,True,True,True,0.8494897959183674,9,0.06666666666666667,2019-09-03
SBILIFE.NS,Financial Services,,891945136.4996877,644.9752954101563,828.593505859375,True,0.2975092694416468,0.49759679398970147,0.37061747683595136,True,True,True,True,0.8469387755102041,10,0.06666666666666667,2019-09-03
APOLLOHOSP.NS,Healthcare,,1024919784.6773967,1240.7733123779296,1477.6287841796875,True,0.3283509662387356,0.30893103031401403,0.4014591736330402,True,True,True,True,0.8418367346938775,11,0.06666666666666667,2019-09-03
RECLTD.NS,Financial Services,,700705183.7372841,59.110568332672116,64.6021728515625,True,0.4597951623447374,0.217607500228997,0.532903369739042,True,True,True,True,0.8341836734693878,12,0.06666666666666667,2019-09-03
CGCL.NS,Financial Services,,69425969.74425837,143.37660793304443,144.11375427246094,True,0.9482092755839617,0.1380268462901948,1.0213174829782663,True,True,True,True,0.826530612244898,13,0.06666666666666667,2019-09-03
TRENT.NS,Consumer Services,,102995136.15165354,374.3630601501465,466.37298583984375,True,0.27759609009253183,0.42040892276579744,0.3507042974868364,True,True,True,True,0.8137755102040816,14,0.06666666666666667,2019-09-03
PETRONET.NS,Oil Gas & Consumable Fuels,,495263224.47062963,168.2276773071289,197.24783325195312,True,0.2988705699600045,0.2635738181640459,0.37197877735430906,True,True,True,True,0.8086734693877551,15,0.06666666666666667,2019-09-03
CGCL.NS,Financial Services,,64558152.30304642,148.51055667877196,202.51400756835932,True,0.8177930618487141,0.42045126655164844,0.8639343597633138,True,True,True,True,0.975378787878788,1,0.06666666666666667,2019-10-01
HDFCAMC.NS,Financial Services,,937747782.7182475,788.1052047729493,1233.718505859375,True,0.7374820370095625,0.8950548132339287,0.7836233349241621,True,True,True,True,0.9715909090909092,2,0.06666666666666667,2019-10-01
INDIGO.NS,Services,,3317356411.281077,1411.3921401977539,1886.4620361328125,True,1.1387456479024647,0.32831374543136627,1.1848869458170643,True,True,True,True,0.9678030303030303,3,0.06666666666666667,2019-10-01
ADANIPOWER.NS,Power,,886406842.5958004,10.412150039672852,12.859999656677246,True,1.0708533941514427,0.334024813140682,1.1169946920660423,True,True,True,True,0.9640151515151516,4,0.06666666666666667,2019-10-01
CREDITACC.NS,Financial Services,,74322744.05177562,483.2998733520508,651.930419921875,True,0.787297706556612,0.389217684632857,0.8334390044712117,True,True,True,True,0.9621212121212122,5,0.06666666666666667,2019-10-01
SIEMENS.NS,Capital Goods,,621887339.3333089,643.3348019409179,859.982421875,True,0.5996372478107659,0.4451646359931736,0.6457785457253655,True,True,True,True,0.9412878787878787,6,0.06666666666666667,2019-10-01
PIIND.NS,Chemicals,,180482820.97844443,1012.2065447998046,1282.54931640625,True,0.7074319358444068,0.28076387652954504,0.7535732337590064,True,True,True,True,0.9261363636363636,7,0.06666666666666667,2019-10-01
BAJFINANCE.NS,Financial Services,,7902692629.479202,299.5922329711914,395.4273681640625,True,0.516780811254181,0.42884802488289275,0.5629221091687806,True,True,True,True,0.9223484848484849,8,0.06666666666666667,2019-10-01
BATAINDIA.NS,Consumer Durables,,989863287.9306396,1252.6545053100585,1616.16845703125,True,0.6627951240642291,0.27092419544256097,0.7089364219788288,True,True,True,True,0.9185606060606062,9,0.06666666666666667,2019-10-01
HDFCLIFE.NS,Financial Services,,3075177224.272347,422.96207901000975,589.9849853515625,True,0.4189595075345829,0.655832955761096,0.46510080544918253,True,True,True,True,0.9071969696969697,10,0.06666666666666667,2019-10-01
BALRAMCHIN.NS,Fast Moving Consumer Goods,,243501012.41891262,123.66976001739502,144.6337127685547,True,0.7831807829826876,0.1696326880149457,0.8293220808972872,True,True,True,True,0.8882575757575758,11,0.06666666666666667,2019-10-01
GODREJPROP.NS,Realty,,318444973.338091,837.2674990844727,1038.699951171875,True,0.5868917126928603,0.22727001965442417,0.63303301060746,True,True,True,True,0.8863636363636364,12,0.06666666666666667,2019-10-01
BERGEPAINT.NS,Consumer Durables,,426765491.3272944,263.57578117370605,351.8417663574219,True,0.40488510745634,0.391253943358038,0.45102640537093963,True,True,True,True,0.8844696969696969,13,0.06666666666666667,2019-10-01
LALPATHLAB.NS,Healthcare,,101421964.13577475,510.16214965820313,663.362060546875,True,0.4213125400329705,0.29144844026620054,0.4674538379475701,True,True,True,True,0.8768939393939393,14,0.06666666666666667,2019-10-01
NESTLEIND.NS,Fast Moving Consumer Goods,,1055116548.2104899,520.2923419189453,646.513671875,True,0.3799505861462731,0.33910213427430325,0.4260918840608727,True,True,True,True,0.865530303030303,15,0.06666666666666667,2019-10-01
ADANIGREEN.NS,Power,,124217228.1769867,45.73249991416931,89.69999694824219,True,1.3208277724952144,1.0067113068734441,1.2212305662744631,True,True,True,True,1.0,1,0.06666666666666667,2019-11-01
NAM-INDIA.NS,Financial Services,,504898950.72818476,178.71667671203613,301.89581298828125,True,1.2727952470483306,0.7651588309312596,1.1731980408275793,True,True,True,True,0.9866666666666667,2,0.06666666666666667,2019-11-01
HDFCAMC.NS,Financial Services,,931954429.3854451,846.5467385864258,1318.5294189453125,True,1.1862397599008707,0.8917697000872116,1.0866425536801194,True,True,True,True,0.9783333333333333,3,0.06666666666666667,2019-11-01
MANAPPURAM.NS,Financial Services,,599679030.9087664,108.16237007141113,150.13836669921875,True,1.3148334264963006,0.43247092174296875,1.2152362202755493,True,True,True,True,0.9683333333333333,4,0.06666666666666667,2019-11-01
CREDITACC.NS,Financial Services,,75350636.59260458,509.42347442626954,633.1295776367188,True,1.2693811802857424,0.3086231129051935,1.1697839740649911,True,True,True,True,0.9433333333333334,5,0.06666666666666667,2019-11-01
BPCL.NS,Oil Gas & Consumable Fuels,,3149240732.40567,119.58268089294434,168.8569793701172,True,0.8443286932390377,0.5449964660240938,0.7447314870182864,True,True,True,True,0.9433333333333332,6,0.06666666666666667,2019-11-01
KEI.NS,Capital Goods,,69374866.48853454,429.3229763793945,580.837890625,True,1.0528882914403268,0.40672632160971234,0.9532910852195755,True,True,True,True,0.9416666666666667,7,0.06666666666666667,2019-11-01
SBILIFE.NS,Financial Services,,1117047260.5979788,699.7582104492187,979.55224609375,True,0.8199960944153541,0.6246111062409059,0.7203988881946028,True,True,True,True,0.9383333333333334,8,0.06666666666666667,2019-11-01
BERGEPAINT.NS,Consumer Durables,,715040415.8964772,275.94730781555177,426.409912109375,True,0.8179704491002171,0.6419740682179671,0.7183732428794658,True,True,True,True,0.935,9,0.06666666666666667,2019-11-01
PIIND.NS,Chemicals,,198070938.10157877,1061.3591314697267,1401.72265625,True,0.8207385662275539,0.4109551808489045,0.7211413600068026,True,True,True,True,0.9199999999999999,10,0.06666666666666667,2019-11-01
ADANIPOWER.NS,Power,,622486791.1993145,10.635800032615661,13.210000038146973,True,0.8449721116853877,0.25332069126730206,0.7453749054646364,True,True,True,True,0.905,11,0.06666666666666667,2019-11-01
BATAINDIA.NS,Consumer Durables,,1018263909.6806172,1313.8395849609376,1695.6536865234375,True,0.9295058101679137,0.24003885768337763,0.8299086039471624,True,True,True,True,0.9033333333333333,12,0.06666666666666667,2019-11-01
SIEMENS.NS,Capital Goods,,755162134.0806081,678.9082897949219,939.426025390625,True,0.7857742364469493,0.40633486610468905,0.686177030226198,True,True,True,True,0.8999999999999999,13,0.06666666666666667,2019-11-01
HDFCLIFE.NS,Financial Services,,3408364533.5598817,444.0405432128906,614.5697021484375,True,0.6717609798082569,0.5655000457875385,0.5721637735875056,True,True,True,True,0.895,14,0.06666666666666667,2019-11-01
BAJFINANCE.NS,Financial Services,,6889072727.924408,313.85425445556643,393.6193237304688,True,0.7474541365226361,0.3044112929552727,0.6478569303018848,True,True,True,True,0.88,15,0.06666666666666667,2019-11-01
ADANIGREEN.NS,Power,,217319774.17467842,52.06049988746643,137.10000610351562,True,2.1626300099032543,2.241134954522585,2.062623803382423,True,True,True,True,1.0,1,0.06666666666666667,2019-12-02
HDFCAMC.NS,Financial Services,,1967615576.3549886,933.0219827270507,1557.4832763671875,True,1.5613341201346902,1.024442002881587,1.4613279136138588,True,True,True,True,0.9891975308641975,2,0.06666666666666667,2019-12-02
GRSE.NS,Capital Goods,,74950513.38163058,112.66426368713378,183.5068206787109,True,1.4873264540958568,0.8378946260052784,1.3873202475750255,True,True,True,True,0.9830246913580246,3,0.06666666666666667,2019-12-02
CREDITACC.NS,Financial Services,,101416007.42267965,543.9975657653808,795.6904907226562,True,1.2346057945409776,0.5264559216676628,1.1345995880201463,True,True,True,True,0.970679012345679,4,0.06666666666666667,2019-12-02
NAM-INDIA.NS,Financial Services,,784776326.825621,196.1583625793457,300.1868896484375,True,1.1662847717698535,0.5821617070995,1.066278565249022,True,True,True,True,0.9691358024691358,5,0.06666666666666667,2019-12-02
LALPATHLAB.NS,Healthcare,,166860330.65473023,559.6963931274414,749.5135498046875,True,0.8414766867446619,0.5203640693534415,0.7414704802238306,True,True,True,True,0.9506172839506173,6,0.06666666666666667,2019-12-02
AAVAS.NS,Financial Services,,87325371.7259786,1393.8002481079102,1773.25,True,1.6069537903217195,0.23951491001090064,1.5069475838008881,True,True,True,True,0.9382716049382716,7,0.06666666666666667,2019-12-02
NAUKRI.NS,Consumer Services,,1061130600.9557037,408.4050311279297,515.4512329101562,True,0.9135511977831758,0.3413865365193214,0.8135449912623445,True,True,True,True,0.933641975308642,8,0.06666666666666667,2019-12-02
ABBOTINDIA.NS,Healthcare,,120761527.9108724,8179.169353027344,11540.84375,True,0.6655151074673491,0.6018672916274146,0.5655089009465177,True,True,True,True,0.9197530864197531,9,0.06666666666666667,2019-12-02
MCX.NS,Financial Services,,1209723757.9658394,161.0865963745117,220.08645629882807,True,0.6846047652417655,0.4211329840895335,0.5845985587209341,True,True,True,True,0.9197530864197531,10,0.06666666666666667,2019-12-02
PIIND.NS,Chemicals,,189264611.71618244,1117.327052307129,1454.0726318359375,True,0.7787681755436611,0.3046542099209799,0.6787619690228297,True,True,True,True,0.9089506172839505,11,0.06666666666666667,2019-12-02
SBILIFE.NS,Financial Services,,3221214736.963992,734.8319937133789,948.481201171875,True,0.6635085168563886,0.39948975084354843,0.5635023103355572,True,True,True,True,0.9027777777777778,12,0.06666666666666667,2019-12-02
GUJGASLTD.NS,Oil Gas & Consumable Fuels,,117287247.63390706,157.96785507202148,202.7418212890625,True,0.7111507582630494,0.29072320937480756,0.611144551742218,True,True,True,True,0.8919753086419753,13,0.06666666666666667,2019-12-02
BPCL.NS,Oil Gas & Consumable Fuels,,3853870681.5077744,125.50680686950683,164.03111267089844,True,0.6816779511766411,0.32455055143180056,0.5816717446558097,True,True,True,True,0.8904320987654322,14,0.06666666666666667,2019-12-02
ATGL.NS,Oil Gas & Consumable Fuels,,149829714.600457,139.31218311309814,160.6048126220703,True,1.0352889353490924,0.18824983215545799,0.935282728828261,True,True,True,True,0.8904320987654321,15,0.06666666666666667,2019-12-02
ADANIGREEN.NS,Power,,274532261.06487805,63.050749931335446,166.4499969482422,True,2.7278833428878753,3.025393061439047,2.641949532843296,True,True,True,True,1.0,1,0.06666666666666667,2020-01-01
GRSE.NS,Capital Goods,,64114401.152842715,123.81482883453369,172.7353057861328,True,1.199278633687793,0.7461204691569074,1.1133448236432137,True,True,True,True,0.9886363636363636,2,0.06666666666666667,2020-01-01
NAM-INDIA.NS,Financial Services,,747568782.636231,212.39496894836427,295.5185852050781,True,1.1883997706639198,0.610631356218694,1.1024659606193405,True,True,True,True,0.9756493506493507,3,0.06666666666666667,2020-01-01
HDFCAMC.NS,Financial Services,,2637406016.679789,1018.7968630981445,1408.976318359375,True,1.0649854035590538,0.6485085085971474,0.9790515935144746,True,True,True,True,0.9691558441558442,4,0.06666666666666667,2020-01-01
DIXON.NS,Consumer Durables,,161571870.78826904,522.9598823547364,757.2647705078125,True,0.8901799666328403,0.6950116595846649,0.804246156588261,True,True,True,True,0.9626623376623377,5,0.06666666666666667,2020-01-01
AAVAS.NS,Financial Services,,112007436.70618083,1491.9857470703125,1981.0999755859373,True,1.358592710035743,0.3280375234361905,1.2726588999911637,True,True,True,True,0.952922077922078,6,0.06666666666666667,2020-01-01
CREDITACC.NS,Financial Services,,100635623.3598002,584.8275508117675,761.9083862304688,True,0.9962308133487416,0.47668506622017515,0.9102970033041624,True,True,True,True,0.952922077922078,7,0.06666666666666667,2020-01-01
ABBOTINDIA.NS,Healthcare,,106926743.76046549,8697.882573242188,11996.9404296875,True,0.7372748191344403,0.5389682312052644,0.651341009089861,True,True,True,True,0.9285714285714286,8,0.06666666666666667,2020-01-01
BALRAMCHIN.NS,Fast Moving Consumer Goods,,169921752.3599935,138.72015083312988,174.71925354003906,True,0.8057806613183787,0.39810748054104006,0.7198468512737994,True,True,True,True,0.9285714285714286,9,0.06666666666666667,2020-01-01
ASTRAZEN.NS,Healthcare,,69286226.14626464,2152.9580004882814,2577.641845703125,True,0.869743195055019,0.34752563363125266,0.7838093850104397,True,True,True,True,0.9253246753246753,10,0.06666666666666667,2020-01-01
GUJGASLTD.NS,Oil Gas & Consumable Fuels,,170003992.61183038,168.43502960205078,226.534912109375,True,0.7837687195821716,0.4028191329733637,0.6978349095375924,True,True,True,True,0.9253246753246752,11,0.06666666666666667,2020-01-01
WHIRLPOOL.NS,Consumer Durables,,243881378.6224996,1704.7312609863282,2332.529296875,True,0.6831571272747037,0.5470176679721159,0.5972233172301245,True,True,True,True,0.9204545454545454,12,0.06666666666666667,2020-01-01
MCX.NS,Financial Services,,593880935.3433698,170.4309455871582,218.5242919921875,True,0.6492781158909398,0.4878181657248075,0.5633443058463605,True,True,True,True,0.9107142857142857,13,0.06666666666666667,2020-01-01
MANAPPURAM.NS,Financial Services,,554057679.7959231,120.25568157196045,157.80615234375,True,1.0683701180254777,0.2660655885913381,0.9824363079808984,True,True,True,True,0.9074675324675325,14,0.06666666666666667,2020-01-01
SBILIFE.NS,Financial Services,,3243223541.0025187,776.1587261962891,950.0125122070312,True,0.6358252659620867,0.42596600347893454,0.5498914559175074,True,True,True,True,0.8896103896103895,15,0.06666666666666667,2020-01-01
ADANIGREEN.NS,Power,,347475723.60882443,81.40249990463256,189.4499969482422,True,3.889032179309476,2.819556507589172,3.8126426256938686,True,True,True,True,1.0,1,0.06666666666666667,2020-02-03
GMMPFAUDLR.NS,Capital Goods,,50746190.99996185,493.43114471435547,827.6795654296875,True,1.1883689531383275,1.0051339714287635,1.1119793995227198,True,True,True,True,0.9804687499999999,2,0.06666666666666667,2020-02-03
GRSE.NS,Capital Goods,,51419200.76449483,135.20063316345215,184.54920959472656,True,1.4037535517105102,0.682549069525769,1.3273639980949026,True,True,True,True,0.9752604166666667,3,0.06666666666666667,2020-02-03
DIXON.NS,Consumer Durables,,264754841.75202432,563.1824453735352,927.6707153320312,True,1.1409469410177944,1.1176857846438852,1.0645573874021867,True,True,True,True,0.9752604166666666,4,0.06666666666666667,2020-02-03
NAM-INDIA.NS,Financial Services,,602138742.0158945,227.49461067199707,303.146240234375,True,1.4793260353736208,0.5995160308734817,1.4029364817580132,True,True,True,True,0.9713541666666666,5,0.06666666666666667,2020-02-03
GUJGASLTD.NS,Oil Gas & Consumable Fuels,,271576041.1468178,182.55759963989257,274.9316711425781,True,1.12487071819243,0.8240865506392228,1.0484811645768224,True,True,True,True,0.9648437499999999,6,0.06666666666666667,2020-02-03
MANAPPURAM.NS,Financial Services,,528779126.19837725,126.49067047119141,167.2799072265625,True,0.9640597251838923,0.6724109287990261,0.8876701715682846,True,True,True,True,0.9466145833333334,7,0.06666666666666667,2020-02-03
NH.NS,Healthcare,,93166706.77245942,251.6105009460449,373.1212463378906,True,0.9208370377434287,0.6952096717503113,0.8444474841278211,True,True,True,True,0.9453124999999999,8,0.06666666666666667,2020-02-03
CREDITACC.NS,Financial Services,,103415040.31326802,618.272348022461,794.4503173828125,True,0.9911723897390083,0.49616953717654755,0.9147828361234007,True,True,True,True,0.9309895833333334,9,0.06666666666666667,2020-02-03
HDFCAMC.NS,Financial Services,,2580446128.9730062,1103.257797241211,1397.74755859375,True,1.1677033937346946,0.44587414673130943,1.091313840119087,True,True,True,True,0.9296875000000001,10,0.06666666666666667,2020-02-03
IGL.NS,Oil Gas & Consumable Fuels,,971120487.0909841,160.26990882873534,226.3021850585937,True,0.8225886885738669,0.6717748569725497,0.7461991349582593,True,True,True,True,0.9296874999999999,11,0.06666666666666667,2020-02-03
AVANTIFEED.NS,Fast Moving Consumer Goods,,517372494.1311371,392.16902786254883,615.384521484375,True,0.7947350728225657,1.078465609065506,0.7183455192069581,True,True,True,True,0.9270833333333334,12,0.06666666666666667,2020-02-03
AAVAS.NS,Financial Services,,145780548.46931356,1585.409496459961,1994.050048828125,True,1.3665441569013552,0.36546039111484263,1.2901546032857476,True,True,True,True,0.9192708333333334,13,0.06666666666666667,2020-02-03
NAVINFLUOR.NS,Chemicals,,107278405.72833456,769.4185861206055,1118.3358154296875,True,0.7471537781737725,0.9716256483736803,0.6707642245581649,True,True,True,True,0.9166666666666667,14,0.06666666666666667,2020-02-03
BERGEPAINT.NS,Consumer Durables,,1000233932.8739898,327.654634475708,453.27545166015625,True,0.7274970725573124,0.7082952253538752,0.6511075189417048,True,True,True,True,0.9010416666666666,15,0.06666666666666667,2020-02-03
ADANIGREEN.NS,Power,,325991882.5788002,95.92049989700317,154.9499969482422,True,3.9983869983303935,2.5498279846880765,3.9570364416175616,True,True,True,True,1.0,1,0.06666666666666667,2020-03-02
GMMPFAUDLR.NS,Capital Goods,,103825382.95658264,553.8517930603027,915.15966796875,True,1.5572852686641916,0.91432739225715,1.51593471195136,True,True,True,True,0.9851851851851852,2,0.06666666666666667,2020-03-02
NAVINFLUOR.NS,Chemicals,,227475460.63986614,821.5129180908203,1397.5045166015625,True,1.3551950458511195,1.006482130281968,1.3138444891382879,True,True,True,True,0.9759259259259259,3,0.06666666666666667,2020-03-02
NAM-INDIA.NS,Financial Services,,596501344.5536977,243.81812568664552,328.23681640625,True,1.6513459310299434,0.568093519377006,1.6099953743171118,True,True,True,True,0.9666666666666667,4,0.06666666666666667,2020-03-02
DEEPAKNTR.NS,Chemicals,,221302276.22482148,321.8187519836426,449.6988525390625,True,1.142077751451954,0.6594216175353245,1.1007271947391224,True,True,True,True,0.9425925925925926,5,0.06666666666666667,2020-03-02
ABBOTINDIA.NS,Healthcare,,149774044.8816406,9911.69359375,14422.33984375,True,1.127347949688287,0.702908538148338,1.0859973929754554,True,True,True,True,0.9388888888888889,6,0.06666666666666667,2020-03-02
AMBER.NS,Consumer Durables,,92750634.76328735,994.6699105834961,1369.2781982421875,True,1.1664097500274972,0.6096049725138346,1.1250591933146656,True,True,True,True,0.9388888888888889,7,0.06666666666666667,2020-03-02
GUJGASLTD.NS,Oil Gas & Consumable Fuels,,311300845.43881965,194.65822395324707,263.2973937988281,True,1.327487163584688,0.5460425318406423,1.2861366068718565,True,True,True,True,0.9388888888888889,8,0.06666666666666667,2020-03-02
TRENT.NS,Consumer Services,,239101635.6641444,495.8473027038574,732.6801147460938,True,1.2174188717666996,0.5526537917704206,1.176068315053868,True,True,True,True,0.9370370370370371,9,0.06666666666666667,2020-03-02
WELCORP.NS,Capital Goods,,175087990.4218189,124.88315055847168,168.5977325439453,True,1.1262954598659416,0.7064399716263114,1.08494490315311,True,True,True,True,0.9351851851851852,10,0.06666666666666667,2020-03-02
AUBANK.NS,Financial Services,,670392582.343283,381.40228286743167,578.556640625,True,1.0245271556143467,0.7162041921666982,0.9831765989015151,True,True,True,True,0.9203703703703703,11,0.06666666666666667,2020-03-02
CREDITACC.NS,Financial Services,,115974248.44159749,650.379748840332,835.276611328125,True,1.1102895794408414,0.6034663965237614,1.0689390227280098,True,True,True,True,0.9148148148148147,12,0.06666666666666667,2020-03-02
HDFCAMC.NS,Financial Services,,1565663126.1695597,1173.2458285522462,1383.3043212890625,True,1.4152663968929846,0.40047276339560134,1.373915840180153,True,True,True,True,0.9055555555555556,13,0.06666666666666667,2020-03-02
GRANULES.NS,Healthcare,,277467234.9657467,113.63025840759278,154.1438446044922,True,0.8337290208327244,0.7205708012574068,0.7923784641198928,True,True,True,True,0.8777777777777778,14,0.06666666666666667,2020-03-02
BERGEPAINT.NS,Consumer Durables,,720977975.3125381,347.6065043640137,458.454345703125,True,0.9459128417461184,0.5524041462802924,0.9045622850332868,True,True,True,True,0.8740740740740741,15,0.06666666666666667,2020-03-02
ADANIGREEN.NS,Power,,263475744.26651573,106.28399993896484,153.25,True,3.130727932695166,1.5908706009576536,3.395520359402857,True,True,True,True,1.0,1,0.06666666666666667,2020-04-01
GMMPFAUDLR.NS,Capital Goods,,140675019.2265381,599.6578593444824,831.2356567382812,True,1.0084526594074217,0.6809655251833511,1.2732450861151128,True,True,True,True,0.9485294117647058,2,0.06666666666666667,2020-04-01
ABBOTINDIA.NS,Healthcare,,240193866.17635092,10584.584621582031,14176.5830078125,True,1.1147675806517285,0.4145861346632056,1.3795600073594196,True,True,True,True,0.9411764705882353,3,0.06666666666666667,2020-04-01
NAVINFLUOR.NS,Chemicals,,321387400.4807526,882.3332577514649,1197.214111328125,True,0.7507979612180138,0.6022158186739035,1.0155903879257049,True,True,True,True,0.9191176470588235,4,0.06666666666666667,2020-04-01
JBCHEPHARM.NS,Healthcare,,60735430.56825206,195.216236038208,240.4115600585937,True,0.5884279428655939,0.4739227310937808,0.853220369573285,True,True,True,True,0.8602941176470588,5,0.06666666666666667,2020-04-01
GUJGASLTD.NS,Oil Gas & Consumable Fuels,,308136911.29136837,202.71105903625488,220.1455841064453,True,0.5804088798022815,0.3305475451965467,0.8452013065099726,True,True,True,True,0.7941176470588236,6,0.06666666666666667,2020-04-01
IPCALAB.NS,Healthcare,,460047913.2061218,531.4265522766113,683.4379272460938,True,0.5250148910118213,0.5439895707302591,0.7898073177195124,True,True,True,True,0.7794117647058824,7,0.06666666666666667,2020-04-01
AMBER.NS,Consumer Durables,,118510891.2221517,1045.010166015625,1230.449951171875,True,0.5427835883888457,0.4108600653176604,0.8075760150965368,True,True,True,True,0.7794117647058822,8,0.06666666666666667,2020-04-01
BERGEPAINT.NS,Consumer Durables,,759845551.396724,362.24558799743653,404.29888916015625,True,0.6138248847926266,0.15094586810928035,0.8786173115003177,True,True,True,True,0.75,9,0.06666666666666667,2020-04-01
ALKYLAMINE.NS,Chemicals,,50218706.659186296,398.0421907043457,469.8148193359375,True,0.4563652595370835,0.38639101111615126,0.7211576862447746,True,True,True,True,0.6985294117647058,10,0.06666666666666667,2020-04-01
NESTLEIND.NS,Fast Moving Consumer Goods,,1641042428.8114216,644.7302987670898,761.6782836914062,True,0.5619681844722351,0.17433131076640485,0.8267606111799262,True,True,True,True,0.6985294117647058,11,0.06666666666666667,2020-04-01
DMART.NS,Consumer Services,,2218228831.390572,1797.6324938964844,2187.5,True,0.47849003265053835,0.16430697421176998,0.7432824593582295,True,True,True,True,0.625,12,0.06666666666666667,2020-04-01
DEEPAKNTR.NS,Chemicals,,351978921.2675583,335.1255549621582,378.5129089355469,True,0.4429260552094889,0.24231557618217003,0.70771848191718,True,True,True,True,0.6176470588235294,13,0.06666666666666667,2020-04-01
DIXON.NS,Consumer Durables,,332514498.7499237,631.6642953491211,714.4130249023438,True,0.4305362496045535,0.2524001421355362,0.6953286763122446,True,True,True,True,0.6176470588235294,14,0.06666666666666667,2020-04-01
BHARTIARTL.NS,Telecommunication,,8797467423.353691,394.90061614990236,421.463134765625,True,0.42595368142817325,0.2814998995993998,0.6907461081358643,True,True,True,True,0.5808823529411764,15,0.06666666666666667,2020-04-01
ADANIGREEN.NS,Power,,164740176.82613972,119.23999979019165,210.4499969482422,True,3.7292134145672398,1.3659359659191201,3.904544075855645,True,True,True,True,0.9967532467532467,1,0.06666666666666667,2020-05-04
GMMPFAUDLR.NS,Capital Goods,,169568587.7420349,652.6684152221679,1155.85009765625,True,1.8833294000679057,1.4541073219230043,2.058660061356311,True,True,True,True,0.9902597402597402,2,0.06666666666666667,2020-05-04
NAVINFLUOR.NS,Chemicals,,362431914.46654665,947.4731784057617,1541.73193359375,True,1.2295458872436424,0.8664641071358639,1.4048765485320474,True,True,True,True,0.9707792207792207,3,0.06666666666666667,2020-05-04
ALKYLAMINE.NS,Chemicals,,72674692.1311264,423.37195419311524,698.8851318359375,True,1.0883079630946626,0.9629287760081291,1.2636386243830675,True,True,True,True,0.9545454545454545,4,0.06666666666666667,2020-05-04
ABBOTINDIA.NS,Healthcare,,347493326.38782555,11271.505541992188,16268.19140625,True,1.2239009206586706,0.5543404285891567,1.3992315819470755,True,True,True,True,0.9512987012987013,5,0.06666666666666667,2020-05-04
DIXON.NS,Consumer Durables,,311827502.3567505,662.676427154541,912.2918090820312,True,0.9646879062637996,0.5350097921516956,1.1400185675522045,True,True,True,True,0.9285714285714285,6,0.06666666666666667,2020-05-04
IPCALAB.NS,Healthcare,,892112090.67877,559.2326329040527,794.599365234375,True,0.7222825881686963,0.66215499860069,0.8976132494571012,True,True,True,True,0.9155844155844156,7,0.06666666666666667,2020-05-04
DEEPAKNTR.NS,Chemicals,,475244080.30915886,350.4941989135742,497.5569763183594,True,0.9168625194549715,0.5002397502070612,1.0921931807433765,True,True,True,True,0.9123376623376622,8,0.06666666666666667,2020-05-04
JBCHEPHARM.NS,Healthcare,,94837102.76767223,202.54667419433594,263.5080871582031,True,0.6246990721510886,0.6851918136205977,0.8000297334394935,True,True,True,True,0.8798701298701298,9,0.06666666666666667,2020-05-04
GUJGASLTD.NS,Oil Gas & Consumable Fuels,,257297107.1809031,209.0436912536621,246.9902801513672,True,0.6193473672226606,0.45505630956285903,0.7946780285110655,True,True,True,True,0.8409090909090909,10,0.06666666666666667,2020-05-04
DMART.NS,Consumer Services,,2074209957.4767334,1878.0082440185547,2383.64990234375,True,0.6897528522950542,0.26524056589775435,0.8650835135834591,True,True,True,True,0.827922077922078,11,0.06666666666666667,2020-05-04
BHARTIARTL.NS,Telecommunication,,7549728881.290918,406.6034124755859,491.6273193359375,True,0.6061096124743737,0.37091825810731827,0.7814402737627786,True,True,True,True,0.8214285714285714,12,0.06666666666666667,2020-05-04
TATACONSUM.NS,Fast Moving Consumer Goods,,1568539517.0918303,289.4944140625,332.9960327148437,True,0.6477085892868573,0.25751055501486353,0.8230392505752622,True,True,True,True,0.801948051948052,13,0.06666666666666667,2020-05-04
NESTLEIND.NS,Fast Moving Consumer Goods,,2167889497.282023,668.4946337890625,837.565185546875,True,0.6484902098779544,0.21554834045247517,0.8238208711663593,True,True,True,True,0.7987012987012987,14,0.06666666666666667,2020-05-04
ALKEM.NS,Healthcare,,351096309.4465535,1991.3728991699218,2446.6416015625,True,0.5346103933740722,0.33721309436695424,0.7099410546624771,True,True,True,True,0.788961038961039,15,0.06666666666666667,2020-05-04
ADANIGREEN.NS,Power,,109671099.97497037,136.38424995422363,248.6000061035156,True,5.6470587155323235,1.3298970310571416,5.798794114546065,True,True,True,True,1.0,1,0.06666666666666667,2020-06-01
GMMPFAUDLR.NS,Capital Goods,,169814663.18516237,726.209500579834,1259.7047119140625,True,2.326022980803778,1.2647495103229947,2.477758379817519,True,True,True,True,0.9876543209876543,2,0.06666666666666667,2020-06-01
ALKYLAMINE.NS,Chemicals,,82732619.41035818,461.7604216003418,782.3023681640625,True,1.4874860485466908,0.9821193539003652,1.6392214475604319,True,True,True,True,0.9753086419753086,3,0.06666666666666667,2020-06-01
NAVINFLUOR.NS,Chemicals,,309785491.33776855,1028.1472897338867,1534.2840576171875,True,1.367466985471903,0.7635529357868642,1.5192023844856442,True,True,True,True,0.9598765432098765,4,0.06666666666666667,2020-06-01
JBCHEPHARM.NS,Healthcare,,142501415.1627538,214.77668685913085,322.19403076171875,True,1.1030427093209099,0.7665181468921862,1.254778108334651,True,True,True,True,0.9351851851851852,5,0.06666666666666667,2020-06-01
DIXON.NS,Consumer Durables,,241703537.78980508,704.6632112121582,973.0393676757812,True,1.157503986380164,0.5366288575658862,1.309239385393905,True,True,True,True,0.9290123456790123,6,0.06666666666666667,2020-06-01
ABBOTINDIA.NS,Healthcare,,337589474.2237793,12033.806572265625,15343.9365234375,True,1.2757471911983882,0.3300619725835505,1.4274825902121293,True,True,True,True,0.8950617283950617,7,0.06666666666666667,2020-06-01
DEEPAKNTR.NS,Chemicals,,562609250.3498815,371.05817398071287,489.6437072753906,True,0.7828130133895608,0.45376095237629266,0.934548412403302,True,True,True,True,0.8919753086419753,8,0.06666666666666667,2020-06-01
APLLTD.NS,Healthcare,,318072235.4685181,551.2148631286622,817.8629760742188,True,0.6962402335467495,0.6255809538251571,0.8479756325604907,True,True,True,True,0.8796296296296295,9,0.06666666666666667,2020-06-01
DMART.NS,Consumer Services,,1177474758.9852376,1962.3367449951172,2269.35009765625,True,0.8386470307119709,0.23518851416859432,0.9903824297257121,True,True,True,True,0.8364197530864198,10,0.06666666666666667,2020-06-01
NESTLEIND.NS,Fast Moving Consumer Goods,,2728817435.888326,692.9478912353516,819.629150390625,True,0.7118879471462656,0.24255340725904584,0.8636233461600068,True,True,True,True,0.8240740740740741,11,0.06666666666666667,2020-06-01
AMBER.NS,Consumer Durables,,111102719.86952718,1102.202223815918,1245.8499755859375,True,0.7041884685618565,0.26666168160272496,0.8559238675755977,True,True,True,True,0.8179012345679012,12,0.06666666666666667,2020-06-01
BHARTIARTL.NS,Telecommunication,,9797330994.13073,425.5360353088379,528.2388916015625,True,0.6824479113561646,0.31368133900183537,0.8341833103699058,True,True,True,True,0.8148148148148149,13,0.06666666666666667,2020-06-01
IPCALAB.NS,Healthcare,,947827808.4767212,588.6116946411133,733.6802368164062,True,0.6368581100011594,0.3564656022155521,0.7885935090149007,True,True,True,True,0.8055555555555556,14,0.06666666666666667,2020-06-01
ESCORTS.NS,Capital Goods,,2543241702.63712,642.1748921203613,872.4920654296875,True,0.6203366852996168,0.39390420741347176,0.772072084313358,True,True,True,True,0.7962962962962963,15,0.06666666666666667,2020-06-01
ADANIGREEN.NS,Power,,309165290.3787773,170.29800018310547,358.8500061035156,True,8.027673109522405,1.4100068556952996,8.140384854616173,True,True,True,True,0.9979166666666667,1,0.06666666666666667,2020-07-01
GMMPFAUDLR.NS,Capital Goods,,182414543.94315186,830.7415209960938,1353.023681640625,True,2.012007914015148,1.1848280000145865,2.1247196591089152,True,True,True,True,0.9895833333333334,2,0.06666666666666667,2020-07-01
ALKYLAMINE.NS,Chemicals,,120825287.8399587,519.3518389892578,822.7518310546875,True,1.6336208930283211,1.0359779968825897,1.7463326381220883,True,True,True,True,0.975,3,0.06666666666666667,2020-07-01
DIXON.NS,Consumer Durables,,269993666.80458575,772.6161515808105,1149.2752685546875,True,1.6762433893303603,0.5386648068408251,1.7889551344241275,True,True,True,True,0.95625,4,0.06666666666666667,2020-07-01
NAVINFLUOR.NS,Chemicals,,262746614.32502443,1126.715530090332,1589.55615234375,True,1.253581002114672,0.6122347971802824,1.3662927472084392,True,True,True,True,0.9500000000000001,5,0.06666666666666667,2020-07-01
GRANULES.NS,Healthcare,,485859863.4088293,141.92208015441895,198.5349273681641,True,1.1885990095683199,0.6061024111190922,1.301310754662087,True,True,True,True,0.9416666666666668,6,0.06666666666666667,2020-07-01
APLLTD.NS,Healthcare,,404791920.05949706,590.3670697021485,856.9652099609375,True,0.9970004850796925,0.7008055451967856,1.1097122301734594,True,True,True,True,0.9395833333333334,7,0.06666666666666667,2020-07-01
ESCORTS.NS,Capital Goods,,2736600576.845406,695.924312133789,1004.5853271484376,True,0.9951471468850537,0.6766079381313082,1.1078588919788208,True,True,True,True,0.9270833333333333,8,0.06666666666666667,2020-07-01
TATACOMM.NS,Telecommunication,,103550911.30860977,357.8608936309814,562.7213134765625,True,1.0013541164227533,0.5465808106156782,1.1140658615165204,True,True,True,True,0.9270833333333333,9,0.06666666666666667,2020-07-01
JBCHEPHARM.NS,Healthcare,,175291343.3914078,232.16171669006349,334.14373779296875,True,0.9174962689350887,0.6920852151391963,1.0302080140288559,True,True,True,True,0.9249999999999999,10,0.06666666666666667,2020-07-01
BAYERCROP.NS,Chemicals,,137694335.4925537,3475.467576904297,5195.94189453125,True,0.8374591294727709,0.6449541501386062,0.9501708745665379,True,True,True,True,0.8854166666666666,11,0.06666666666666667,2020-07-01
COROMANDEL.NS,Chemicals,,324991865.2273997,508.41027267456053,703.2841796875,True,0.8683724678500258,0.46123332643462667,0.9810842129437928,True,True,True,True,0.88125,12,0.06666666666666667,2020-07-01
IPCALAB.NS,Healthcare,,907003861.0494181,623.4558857727051,821.9417724609375,True,0.8680088005230042,0.4588993147014935,0.9807205456167712,True,True,True,True,0.8729166666666667,13,0.06666666666666667,2020-07-01
MUTHOOTFIN.NS,Financial Services,,2427099016.226883,685.0628015136718,993.3192138671876,True,0.8262046136107972,0.4953945605065613,0.9389163587045642,True,True,True,True,0.8666666666666667,14,0.06666666666666667,2020-07-01
ASTRAZEN.NS,Healthcare,,209464572.08061522,2614.9997888183593,3494.878662109375,True,0.8710929478796559,0.2864938582711132,0.9838046929734229,True,True,True,True,0.85,15,0.06666666666666667,2020-07-01
ALOKINDS.NS,Textiles,,268835438.853728,11.928749956488609,34.79999923706055,True,10.999999342293595,9.545454466638486,11.028898948189932,True,True,True,True,0.9984177215189873,1,0.06666666666666667,2020-08-03
ADANIGREEN.NS,Power,,486491902.2716227,204.7867499923706,340.6499938964844,True,6.278846142089813,0.7858453153157765,6.30774574798615,True,True,True,True,0.9873417721518987,2,0.06666666666666667,2020-08-03
DIXON.NS,Consumer Durables,,371828425.60181683,862.9591671752929,1523.4197998046875,True,2.4792439637691635,0.7695467532658122,2.5081435696655,True,True,True,True,0.9810126582278481,3,0.06666666666666667,2020-08-03
GRANULES.NS,Healthcare,,882796938.664446,158.5993074798584,268.0442199707031,True,2.231652877624222,0.8084455881311348,2.260552483520559,True,True,True,True,0.9810126582278481,4,0.06666666666666667,2020-08-03
LAURUSLABS.NS,Healthcare,,1068499816.0272713,84.85257604598999,182.770751953125,True,1.7326237325209575,1.216808978083912,1.7615233384172941,True,True,True,True,0.9636075949367089,5,0.06666666666666667,2020-08-03
ALKYLAMINE.NS,Chemicals,,119867804.55702108,585.5576126098633,878.1744995117188,True,1.8909473913479409,0.7241019575216736,1.9198469972442775,True,True,True,True,0.9588607594936709,6,0.06666666666666667,2020-08-03
GMMPFAUDLR.NS,Capital Goods,,139941364.21149904,930.9640118408203,1348.1610107421875,True,2.195451831626282,0.5903572593687048,2.2243514375226185,True,True,True,True,0.9572784810126582,7,0.06666666666666667,2020-08-03
NAVINFLUOR.NS,Chemicals,,244560393.28905842,1240.2789987182616,1725.6773681640625,True,2.0037335390110367,0.5934771219197903,2.0326331449073733,True,True,True,True,0.9541139240506329,8,0.06666666666666667,2020-08-03
TATACOMM.NS,Telecommunication,,78328336.76480967,394.1337191772461,698.8598022460938,True,1.6004682156817278,0.7042396502192381,1.6293678215780645,True,True,True,True,0.9462025316455696,9,0.06666666666666667,2020-08-03
DEEPAKNTR.NS,Chemicals,,586262059.8373535,423.8697625732422,632.231201171875,True,1.2265896932851352,0.6240708920306672,1.255489299181472,True,True,True,True,0.9272151898734177,10,0.06666666666666667,2020-08-03
ESCORTS.NS,Capital Goods,,2770506866.830491,757.3774072265625,1095.384521484375,True,1.2981053171819887,0.5444333154537047,1.3270049230783254,True,True,True,True,0.9240506329113924,11,0.06666666666666667,2020-08-03
MUTHOOTFIN.NS,Financial Services,,3191229756.704003,745.1908459472656,1165.038330078125,True,1.1153512113573862,0.7375645897804777,1.144250817253723,True,True,True,True,0.9224683544303797,12,0.06666666666666667,2020-08-03
POLYMED.NS,Healthcare,,73803264.64570592,257.4286665344238,386.1856689453125,True,1.2108693536667459,0.4951444702065939,1.2397689595630825,True,True,True,True,0.9082278481012659,13,0.06666666666666667,2020-08-03
IPCALAB.NS,Healthcare,,531506963.10614216,668.5060050964355,920.2174072265624,True,1.0599726531904667,0.5276399129468154,1.0888722590868034,True,True,True,True,0.8939873417721519,14,0.06666666666666667,2020-08-03
APLLTD.NS,Healthcare,,403219448.0703959,638.4761767578125,924.7957763671876,True,0.9481359102753397,0.6311598894434993,0.9770355161716763,True,True,True,True,0.8908227848101267,15,0.06666666666666667,2020-08-03
ADANIGREEN.NS,Power,,594450206.7548747,235.76400009155273,452.75,True,9.408045977011493,1.6391722060383889,9.350789561071663,True,True,True,True,0.9918981481481481,1,0.06666666666666667,2020-09-01
ALOKINDS.NS,Textiles,,455884033.7487387,15.550999971032143,31.700000762939453,True,10.527273004705256,1.2971014728117476,10.470016588765425,True,True,True,True,0.9918981481481481,2,0.06666666666666667,2020-09-01
TANLA.NS,Information Technology,,82175862.80209967,74.88179843902589,212.444091796875,True,3.2206553659505364,1.9811195394218943,3.1633989500107065,True,True,True,True,0.9872685185185185,3,0.06666666666666667,2020-09-01
ALKYLAMINE.NS,Chemicals,,174700839.66927797,666.904596710205,1216.81689453125,True,3.4188120914228666,0.7836307866285361,3.3615556754830367,True,True,True,True,0.980324074074074,4,0.06666666666666667,2020-09-01
GRANULES.NS,Healthcare,,1199449959.5412152,178.98687686920167,307.9707336425781,True,2.5618312137177788,0.8124370225420798,2.5045747977779484,True,True,True,True,0.9722222222222223,5,0.06666666666666667,2020-09-01
GMMPFAUDLR.NS,Capital Goods,,248952315.0352295,1074.024351348877,1851.080322265625,True,3.03541246381889,0.7608351561121993,2.97815604787906,True,True,True,True,0.9722222222222222,6,0.06666666666666667,2020-09-01
LAURUSLABS.NS,Healthcare,,1676183334.2223847,99.95325304031373,221.94921875,True,2.4520043197328514,1.7163714743406588,2.3947479037930215,True,True,True,True,0.9722222222222222,7,0.06666666666666667,2020-09-01
DIXON.NS,Consumer Durables,,538984242.632782,969.2224700927734,1615.46923828125,True,2.5208636780878786,1.0054754613498984,2.4636072621480487,True,True,True,True,0.9699074074074074,8,0.06666666666666667,2020-09-01
TATACOMM.NS,Telecommunication,,136687055.09879607,441.54621826171876,804.42919921875,True,2.3234262555800123,1.3022703615204545,2.266169839640182,True,True,True,True,0.9583333333333334,9,0.06666666666666667,2020-09-01
BALAMINES.NS,Chemicals,,332082652.2166809,432.3227764892578,777.0968017578125,True,2.44604002706878,0.7570865930648236,2.38878361112895,True,True,True,True,0.9571759259259258,10,0.06666666666666667,2020-09-01
EPL.NS,Capital Goods,,58756040.389734395,161.54462368011474,240.73887634277344,True,2.394241988458074,0.45338371194210136,2.336985572518244,True,True,True,True,0.9351851851851852,11,0.06666666666666667,2020-09-01
BSOFT.NS,Information Technology,,382083888.1847135,80.13408262252807,149.9796600341797,True,1.7719128098498822,0.6503132744710503,1.714656393910052,True,True,True,True,0.931712962962963,12,0.06666666666666667,2020-09-01
INDIAMART.NS,Consumer Services,,502437503.63102823,1096.1257348632812,1730.2703857421875,True,2.2169042552612037,0.43755303587570515,2.159647839321374,True,True,True,True,0.9236111111111112,13,0.06666666666666667,2020-09-01
MASTEK.NS,Information Technology,,185666388.4167806,365.08057281494143,647.7246704101562,True,1.2411198418001401,0.6841661824359255,1.18386342586031,True,True,True,True,0.9201388888888888,14,0.06666666666666667,2020-09-01
ITI.NS,Telecommunication,,439939010.4642939,94.78375005722046,133.85000610351562,True,1.2234220001192568,0.6596404658537538,1.1661655841794267,True,True,True,True,0.9155092592592593,15,0.06666666666666667,2020-09-01
ADANIGREEN.NS,Power,,870049347.4578542,291.0702495193481,737.5999755859375,True,13.036155781059458,4.019394289921152,13.050193109559764,True,True,True,True,0.9988317757009346,1,0.06666666666666667,2020-10-01
TANLA.NS,Information Technology,,118233546.11567205,94.84107067108154,271.1551513671875,True,4.560848492633735,5.33201692642787,4.574885821134041,True,True,True,True,0.9929906542056074,2,0.06666666666666667,2020-10-01
ALOKINDS.NS,Textiles,,549104942.5765952,18.29599996089935,19.549999237060547,True,9.861110974977043,3.7108430813974795,9.87514830347735,True,True,True,True,0.9918224299065421,3,0.06666666666666667,2020-10-01
LAURUSLABS.NS,Healthcare,,2302028231.6787133,120.88323419570924,281.1820068359375,True,3.0712728996816674,3.4995915520934977,3.085310228181973,True,True,True,True,0.9836448598130841,4,0.06666666666666667,2020-10-01
ALKYLAMINE.NS,Chemicals,,156276733.68730164,761.9294525146485,1257.9793701171875,True,2.9112309340212503,1.7601850851793452,2.925268262521556,True,True,True,True,0.9661214953271029,5,0.06666666666666667,2020-10-01
BSOFT.NS,Information Technology,,502200523.7414922,91.93782106399536,182.34832763671875,True,1.8361199600250329,2.391460743671189,1.8501572885253386,True,True,True,True,0.9649532710280375,6,0.06666666666666667,2020-10-01
GRANULES.NS,Healthcare,,1762077417.0551314,204.39533294677733,376.73046875,True,2.791828682024581,1.7401574768193657,2.8058660105248867,True,True,True,True,0.9602803738317758,7,0.06666666666666667,2020-10-01
DIXON.NS,Consumer Durables,,712241119.0938721,1095.735030822754,1748.59912109375,True,2.107286846054363,1.7484470518304307,2.1213241745546685,True,True,True,True,0.9579439252336449,8,0.06666666666666667,2020-10-01
MASTEK.NS,Information Technology,,244251977.93355915,412.48535537719727,824.3073120117188,True,1.5421360269350135,3.7817421795855104,1.5561733554353192,True,True,True,True,0.9439252336448598,9,0.06666666666666667,2020-10-01
BALAMINES.NS,Chemicals,,281086760.11753845,486.20519592285154,792.6072998046875,True,1.5553329267310008,2.3206044686102674,1.5693702552313065,True,True,True,True,0.9392523364485982,10,0.06666666666666667,2020-10-01
INDIAMART.NS,Consumer Services,,849445836.0955058,1235.989213256836,2344.98291015625,True,1.6740496593910437,1.709326465792992,1.6880869878913494,True,True,True,True,0.9380841121495327,11,0.06666666666666667,2020-10-01
AFFLE.NS,Information Technology,,236306648.76749673,350.2367507171631,575.010009765625,True,1.658637012257405,2.001879408011569,1.6726743407577107,True,True,True,True,0.9357476635514018,12,0.06666666666666667,2020-10-01
TATACOMM.NS,Telecommunication,,133560707.49162292,490.04350708007814,782.9475708007812,True,1.2831660150020503,2.641343706072174,1.297203343502356,True,True,True,True,0.9252336448598132,13,0.06666666666666667,2020-10-01
DEEPAKNTR.NS,Chemicals,,1236083524.7411845,505.2802209472656,807.2583618164062,True,1.7842873823106742,1.2501711090948717,1.7983247108109799,True,True,True,True,0.9240654205607477,14,0.06666666666666667,2020-10-01
PERSISTENT.NS,Information Technology,,243726699.01779988,345.9677904510498,641.496826171875,True,1.3947569227908851,1.4415221306037345,1.4087942512911908,True,True,True,True,0.9158878504672897,15,0.06666666666666667,2020-10-01
ADANIGREEN.NS,Power,,965354216.2882049,349.43374950408935,856.4000244140625,True,8.568715356581704,3.0626186528270125,8.570455159935088,True,True,True,True,0.9944196428571429,1,0.06666666666666667,2020-11-02
TANLA.NS,Information Technology,,124025503.81422399,116.4563072013855,302.72705078125,True,5.818129721836601,4.038570824584986,5.8198695251899855,True,True,True,True,0.9933035714285714,2,0.06666666666666667,2020-11-02
ALOKINDS.NS,Textiles,,429050865.97554755,20.340499968528746,21.850000381469727,True,14.068965284776185,1.7484277868793363,14.07070508812957,True,True,True,True,0.9921875,3,0.06666666666666667,2020-11-02
LAURUSLABS.NS,Healthcare,,2025479434.6690767,146.54548887252807,312.7616882324219,True,3.517696403854462,2.2409968795138147,3.5194362072078462,True,True,True,True,0.984375,4,0.06666666666666667,2020-11-02
BSOFT.NS,Information Technology,,435246395.0826342,104.13904777526855,166.98135375976562,True,1.6520082650411236,1.6741842249793666,1.653748068394508,True,True,True,True,0.9642857142857143,5,0.06666666666666667,2020-11-02
GRANULES.NS,Healthcare,,1388817280.1622427,231.01020099639894,376.9263916015625,True,1.9900790458957158,1.422954888489481,1.9918188492491002,True,True,True,True,0.9620535714285714,6,0.06666666666666667,2020-11-02
MASTEK.NS,Information Technology,,186012496.45546263,455.73188751220704,820.921630859375,True,1.599191176882663,2.5872051536346246,1.6009309802360474,True,True,True,True,0.9598214285714286,7,0.06666666666666667,2020-11-02
DIXON.NS,Consumer Durables,,612279758.6253458,1205.8040142822265,1855.8155517578125,True,2.0924930131872213,1.0602845873231748,2.0942328165406057,True,True,True,True,0.953125,8,0.06666666666666667,2020-11-02
INDIAMART.NS,Consumer Services,,688557380.2158163,1380.071183166504,2275.009765625,True,1.643736076924037,1.0451141680785878,1.6454758802774214,True,True,True,True,0.9408482142857144,9,0.06666666666666667,2020-11-02
TATACOMM.NS,Telecommunication,,117043736.31758016,537.7637767028808,862.3140869140625,True,1.6425528862533478,1.0915790139100032,1.6442926896067322,True,True,True,True,0.9408482142857143,10,0.06666666666666667,2020-11-02
BALAMINES.NS,Chemicals,,240290533.96934307,533.3969140625,827.5060424804688,True,1.5359814582250788,1.1414085080096745,1.5377212615784632,True,True,True,True,0.9341517857142857,11,0.06666666666666667,2020-11-02
CDSL.NS,Financial Services,,800798003.6164764,148.77267223358155,229.9216766357422,True,1.3472328570762082,1.2797774681720493,1.3489726604295926,True,True,True,True,0.9330357142857143,12,0.06666666666666667,2020-11-02
JBCHEPHARM.NS,Healthcare,,471526263.5755473,327.4716554260254,476.8724670410156,True,2.1021098244236582,0.8053388089874607,2.1038496277770427,True,True,True,True,0.9330357142857142,13,0.06666666666666667,2020-11-02
POLYMED.NS,Healthcare,,109990869.5146754,335.7500894927978,476.39794921875,True,1.3442228832142686,1.3069735053451796,1.345962686567653,True,True,True,True,0.9308035714285714,14,0.06666666666666667,2020-11-02
CGPOWER.NS,Capital Goods,,172730814.92421466,11.728169040679932,31.01827621459961,True,1.1360541885583353,3.331034368883791,1.1377939919117197,True,True,True,True,0.9252232142857143,15,0.06666666666666667,2020-11-02
TANLA.NS,Information Technology,,151355453.9375707,149.08225090026855,570.5759887695312,True,8.423861025949266,7.9311118328143575,8.325918263290527,True,True,True,True,1.0,1,0.06666666666666667,2020-12-01
ADANIGREEN.NS,Power,,2486917307.098164,429.8214992904663,1136.4000244140625,True,8.026211363313399,3.1497169950199018,7.928268600654659,True,True,True,True,0.9958609271523179,2,0.06666666666666667,2020-12-01
LAURUSLABS.NS,Healthcare,,2010490198.25077,166.18369947433473,311.20703125,True,3.525780861842203,2.382465769872911,3.427838099183464,True,True,True,True,0.9917218543046358,3,0.06666666666666667,2020-12-01
CGPOWER.NS,Capital Goods,,163768605.53461143,14.25877646446228,40.69913864135742,True,1.9534047192727986,5.539681474301347,1.8554619566140595,True,True,True,True,0.9817880794701987,4,0.06666666666666667,2020-12-01
BSOFT.NS,Information Technology,,284336067.9711446,114.2002256011963,185.6293792724609,True,1.9141925953358543,1.6658419231636485,1.8162498326771153,True,True,True,True,0.9743377483443708,5,0.06666666666666667,2020-12-01
GRANULES.NS,Healthcare,,1207230817.252358,254.28762409210205,405.2142639160156,True,2.238364665062613,1.2789264036988532,2.1404219024038738,True,True,True,True,0.9743377483443708,6,0.06666666666666667,2020-12-01
DIXON.NS,Consumer Durables,,639094227.5849711,1323.6061087036132,2370.802978515625,True,2.651294343691279,1.2061205999966376,2.55335158103254,True,True,True,True,0.9735099337748344,7,0.06666666666666667,2020-12-01
MASTEK.NS,Information Technology,,154165985.34115905,505.7736293029785,925.0836791992188,True,1.6470850414765978,2.2658773493348687,1.5491422788178588,True,True,True,True,0.9710264900662252,8,0.06666666666666667,2020-12-01
BALAMINES.NS,Chemicals,,159860220.1358785,581.7804592895508,983.5929565429688,True,1.8756196942064207,1.5112331382936328,1.7776769315476817,True,True,True,True,0.9685430463576159,9,0.06666666666666667,2020-12-01
ALKYLAMINE.NS,Chemicals,,130695053.85292968,923.7220664978028,1573.9688720703125,True,2.791743590859553,0.9844854351643513,2.693800828200814,True,True,True,True,0.9685430463576158,10,0.06666666666666667,2020-12-01
TATACOMM.NS,Telecommunication,,91129911.90563864,591.5380554199219,980.8095703125,True,1.5861400868045017,1.2325489895335617,1.4881973241457627,True,True,True,True,0.9577814569536425,11,0.06666666666666667,2020-12-01
ATGL.NS,Oil Gas & Consumable Fuels,,919060117.8301381,160.39553886413574,347.3250732421875,True,1.3785726847646367,1.5590289082637954,1.2806299221058977,True,True,True,True,0.9519867549668874,12,0.06666666666666667,2020-12-01
INDIAMART.NS,Consumer Services,,537231849.0301677,1514.8421145629882,2390.685302734375,True,1.362437135503836,1.1843607994755168,1.264494372845097,True,True,True,True,0.9403973509933774,13,0.06666666666666667,2020-12-01
AFFLE.NS,Information Technology,,203391871.95359802,402.1214008331299,683.7000122070312,True,1.1528435075094214,1.2706741891329654,1.0549007448506824,True,True,True,True,0.9362582781456954,14,0.06666666666666667,2020-12-01
NAVINFLUOR.NS,Chemicals,,312610843.90351766,1735.93396484375,2642.993896484375,True,2.0401579487666255,0.6850603379754703,1.9422151861078865,True,True,True,True,0.9346026490066225,15,0.06666666666666667,2020-12-01
TANLA.NS,Information Technology,,257178133.16199493,219.34091579437256,639.6337280273438,True,8.777732474900832,8.209487484190053,8.61528940095688,True,True,True,True,1.0,1,0.06666666666666667,2021-01-04
LAURUSLABS.NS,Healthcare,,1424447046.315796,194.8681230735779,347.1061096191406,True,3.956643646153025,2.239566035544595,3.7942005722090744,True,True,True,True,0.9914040114613181,2,0.06666666666666667,2021-01-04
CGPOWER.NS,Capital Goods,,243333892.35369772,18.496870906352996,44.107200622558594,True,3.1342589236334364,3.356097273821976,2.9718158496894858,True,True,True,True,0.9906876790830945,3,0.06666666666666667,2021-01-04
BORORENEW.NS,Capital Goods,,183426688.16312954,86.71424991607665,285.45001220703125,True,6.322289312838611,1.6357341104654584,6.15984623889466,True,True,True,True,0.9892550143266476,4,0.06666666666666667,2021-01-04
ADANIGREEN.NS,Power,,2256179978.5549226,532.4659980392456,1065.949951171875,True,5.404025056866377,1.701685424284459,5.241581982922426,True,True,True,True,0.9885386819484241,5,0.06666666666666667,2021-01-04
INDIAMART.NS,Consumer Services,,444679164.5082845,1688.537467956543,3304.2099609375,True,2.4204490708503132,2.3578873811305154,2.2580059969063626,True,True,True,True,0.9792263610315186,6,0.06666666666666667,2021-01-04
BSOFT.NS,Information Technology,,319530143.4845665,127.8444778060913,234.10348510742188,True,2.6076087967380053,1.7864922144723834,2.4451657227940546,True,True,True,True,0.9785100286532953,7,0.06666666666666667,2021-01-04
MASTEK.NS,Information Technology,,138037780.6552663,582.0083460998535,1159.9644775390625,True,1.9803636400132918,2.0724823482508947,1.8179205660693412,True,True,True,True,0.9756446991404012,8,0.06666666666666667,2021-01-04
DIXON.NS,Consumer Durables,,584367119.829895,1516.2389712524414,2718.45556640625,True,2.589834985434866,1.2827386605396156,2.4273919114909153,True,True,True,True,0.9684813753581663,9,0.06666666666666667,2021-01-04
FSL.NS,Services,,282783148.48561424,47.648868522644044,87.35552978515625,True,1.5792051200870767,1.6196074340079876,1.416762046143126,True,True,True,True,0.9584527220630372,10,0.06666666666666667,2021-01-04
ADANIENT.NS,Metals & Mining,,2129019009.8123271,246.8209206008911,489.7408752441406,True,1.3740457874107221,1.9911691722883713,1.2116027134667715,True,True,True,True,0.9505730659025788,11,0.06666666666666667,2021-01-04
AFFLE.NS,Information Technology,,370985033.6411794,446.79640098571775,773.4299926757812,True,1.445473865818951,1.4162136142717392,1.2830307918750004,True,True,True,True,0.9505730659025788,12,0.06666666666666667,2021-01-04
DEEPAKNTR.NS,Chemicals,,749233153.7767487,630.63986618042,971.0791015625,True,1.6733483460524736,0.9142523436872569,1.510905272108523,True,True,True,True,0.9498567335243553,13,0.06666666666666667,2021-01-04
ALKYLAMINE.NS,Chemicals,,131198585.5848877,1030.2323576354981,1521.2418212890625,True,2.614226528560357,0.6933906266401648,2.4517834546164066,True,True,True,True,0.9426934097421203,14,0.06666666666666667,2021-01-04
ATGL.NS,Oil Gas & Consumable Fuels,,1125552924.9584718,185.67877933502197,376.17724609375,True,1.322819295232724,1.3410995037598568,1.1603762212887734,True,True,True,True,0.9383954154727794,15,0.06666666666666667,2021-01-04
TANLA.NS,Information Technology,,334427027.5948151,279.9634806442261,631.7174682617188,True,7.756255267074309,4.737875256115324,7.6284288536251825,True,True,True,True,1.0,1,0.06666666666666667,2021-02-01
BORORENEW.NS,Capital Goods,,264760107.60236436,108.89699964523315,274.45001220703125,True,5.107876112678338,2.5299036939811095,4.980049699229212,True,True,True,True,0.9963235294117647,2,0.06666666666666667,2021-02-01
ADANIGREEN.NS,Power,,2346617945.194867,614.0907484436035,1004.9000244140624,True,4.268152159444626,1.9499487521477197,4.1403257459955,True,True,True,True,0.9933823529411765,3,0.06666666666666667,2021-02-01
CGPOWER.NS,Capital Goods,,237977524.957228,21.86640410423279,39.26676940917969,True,3.0979384203373996,3.274193630428579,2.9701120068882734,True,True,True,True,0.9904411764705883,4,0.06666666666666667,2021-02-01
INDIAMART.NS,Consumer Services,,838465706.4284343,1940.5350692749023,3662.99609375,True,2.364739761697293,1.758741968832843,2.2369133482481667,True,True,True,True,0.9794117647058823,5,0.06666666666666667,2021-02-01
TATAELXSI.NS,Information Technology,,1859498110.818162,1201.6633752441405,2522.765380859375,True,1.9056259339966557,1.86234097774045,1.7777995205475297,True,True,True,True,0.9764705882352942,6,0.06666666666666667,2021-02-01
ALKYLAMINE.NS,Chemicals,,373321361.9490214,1163.8914013671874,1875.19873046875,True,2.6815391516617204,1.135337261001538,2.553712738212594,True,True,True,True,0.9720588235294119,7,0.06666666666666667,2021-02-01
BSOFT.NS,Information Technology,,342173017.8645355,145.5183160018921,235.0428924560547,True,2.5272933071339447,1.1058136509034293,2.399466893684819,True,True,True,True,0.9691176470588235,8,0.06666666666666667,2021-02-01
LAURUSLABS.NS,Healthcare,,1204562489.577475,221.88931339263917,339.1994934082031,True,3.114118229057069,0.8558740377409906,2.9862918156079425,True,True,True,True,0.961764705882353,9,0.06666666666666667,2021-02-01
ADANIENT.NS,Metals & Mining,,2425344093.185335,283.1597798156738,505.1964416503906,True,1.2131529863529198,1.8910129579096058,1.0853265729037938,True,True,True,True,0.9573529411764705,10,0.06666666666666667,2021-02-01
AFFLE.NS,Information Technology,,406101704.0566762,498.16490127563475,729.2000122070312,True,1.2755499592114896,1.1592491506252305,1.1477235457623636,True,True,True,True,0.9514705882352942,11,0.06666666666666667,2021-02-01
ATGL.NS,Oil Gas & Consumable Fuels,,1146966864.7643206,211.77095752716065,380.4203186035156,True,1.1977312559844022,1.4783740439021429,1.0699048425352762,True,True,True,True,0.9514705882352941,12,0.06666666666666667,2021-02-01
DIXON.NS,Consumer Durables,,809751681.0338846,1726.5261962890625,2819.35595703125,True,2.2748571212642084,0.8506756689080122,2.147030707815082,True,True,True,True,0.95,13,0.06666666666666667,2021-02-01
VAIBHAVGBL.NS,Consumer Durables,,64028543.20735677,310.00537940979007,472.9783020019531,True,1.7575705492436877,0.951013901264822,1.6297441357945617,True,True,True,True,0.95,14,0.06666666666666667,2021-02-01
APLAPOLLO.NS,Capital Goods,,312763317.2602824,256.66204658508303,447.1494445800781,True,1.1906106687852858,1.4623845961487012,1.0627842553361597,True,True,True,True,0.9485294117647058,15,0.06666666666666667,2021-02-01
TANLA.NS,Information Technology,,370397302.4813497,346.6956321525574,835.0255737304688,True,10.581763098051125,2.734812018775806,10.358565193044626,True,True,True,True,0.9992857142857143,1,0.06666666666666667,2021-03-01
BORORENEW.NS,Capital Goods,,306820031.84060824,133.80224946975707,282.3999938964844,True,4.609523847771741,2.484268763273781,4.386325942765242,True,True,True,True,0.9921428571428572,2,0.06666666666666667,2021-03-01
CGPOWER.NS,Capital Goods,,266257669.76422253,25.881493082046507,55.76375198364258,True,6.379085256419681,1.6440280382351409,6.155887351413182,True,True,True,True,0.9914285714285713,3,0.06666666666666667,2021-03-01
HINDCOPPER.NS,Metals & Mining,,558148573.5754284,43.23071809768677,145.6314239501953,True,3.281428736767592,2.9486164008787896,3.058230831761093,True,True,True,True,0.9892857142857143,4,0.06666666666666667,2021-03-01
ADANIGREEN.NS,Power,,1661881243.3730419,702.4869968414307,1159.8499755859375,True,5.423982032575465,1.5088687134150467,5.200784127568966,True,True,True,True,0.9878571428571429,5,0.06666666666666667,2021-03-01
DIXON.NS,Consumer Durables,,1154247418.8542278,2005.1843106079102,3961.1474609375,True,3.7906695553644516,1.3876942547680717,3.5674716503579527,True,True,True,True,0.9814285714285713,6,0.06666666666666667,2021-03-01
ADANIENT.NS,Metals & Mining,,4030714760.724029,339.8957869720459,831.25830078125,True,2.406618003265585,1.892107760262307,2.183420098259086,True,True,True,True,0.9792857142857143,7,0.06666666666666667,2021-03-01
ATGL.NS,Oil Gas & Consumable Fuels,,778633793.6515945,245.41651374816894,511.35357666015625,True,2.321863780666241,1.7456447020725108,2.098665875659742,True,True,True,True,0.9735714285714285,8,0.06666666666666667,2021-03-01
INDIAMART.NS,Consumer Services,,1226396829.2749918,2251.905093688965,4035.372802734375,True,2.326650133598249,1.4339877367646872,2.10345222859175,True,True,True,True,0.9714285714285714,9,0.06666666666666667,2021-03-01
TEJASNET.NS,Telecommunication,,129044600.96356608,90.99591347694397,192.30874633789065,True,2.184818676168872,2.0203442500709667,1.961620771162373,True,True,True,True,0.9671428571428571,10,0.06666666666666667,2021-03-01
INTELLECT.NS,Information Technology,,159441546.16160533,224.93083547592164,426.8241271972656,True,2.2586332851549606,1.151424839850737,2.0354353801484617,True,True,True,True,0.9607142857142856,11,0.06666666666666667,2021-03-01
BALAMINES.NS,Chemicals,,327560547.64240825,831.9617344665527,1599.3017578125,True,2.8509280165765194,0.8442860758616981,2.6277301115700205,True,True,True,True,0.9542857142857143,12,0.06666666666666667,2021-03-01
VAIBHAVGBL.NS,Consumer Durables,,98641592.32004547,346.7345040130615,640.37548828125,True,2.1849631564791716,1.0021382145307562,1.9617652514726727,True,True,True,True,0.9507142857142856,13,0.06666666666666667,2021-03-01
TATAELXSI.NS,Information Technology,,2163335033.6228046,1393.37422454834,2492.057861328125,True,1.735340743228437,1.333391777840769,1.512142838221938,True,True,True,True,0.9450000000000001,14,0.06666666666666667,2021-03-01
ADANIENSOL.NS,Power,,614216757.9574825,335.5840003967285,750.0,True,1.5960540527693197,1.7208417072617443,1.3728561477628207,True,True,True,True,0.945,15,0.06666666666666667,2021-03-01
INTELLECT.NS,Information Technology,,427000162.9647532,275.24874057769773,727.680908203125,True,14.727950264776151,2.5974724233713484,13.793491699640388,True,True,True,True,0.9962121212121212,1,0.06666666666666667,2021-04-01
ATGL.NS,Oil Gas & Consumable Fuels,,1213767996.6699798,312.5581253814697,959.6614990234376,True,9.603972115759843,4.053890810510927,8.66951355062408,True,True,True,True,0.9931818181818182,2,0.06666666666666667,2021-04-01
TANLA.NS,Information Technology,,329104901.8131266,430.5993316268921,757.7257080078125,True,18.236685909171552,1.9623157482559264,17.30222734403579,True,True,True,True,0.9924242424242424,3,0.06666666666666667,2021-04-01
CGPOWER.NS,Capital Goods,,238434969.73209208,31.709027390480042,66.08671569824219,True,12.247524080539705,2.054794766927836,11.313065515403942,True,True,True,True,0.9886363636363635,4,0.06666666666666667,2021-04-01
ADANIENT.NS,Metals & Mining,,6316277894.258083,422.35378677368163,1028.191650390625,True,6.352227346153406,2.4871497212135716,5.417768781017642,True,True,True,True,0.9825757575757575,5,0.06666666666666667,2021-04-01
SAREGAMA.NS,Media Entertainment & Publication,,89748953.71386388,68.40827894210815,146.3903045654297,True,6.922170806269597,1.813067854407307,5.987712241133833,True,True,True,True,0.9825757575757575,6,0.06666666666666667,2021-04-01
BORORENEW.NS,Capital Goods,,213549041.1080663,156.09174938201903,246.1999969482422,True,6.327381194313649,2.293645444123641,5.392922629177885,True,True,True,True,0.9787878787878788,7,0.06666666666666667,2021-04-01
GPIL.NS,Capital Goods,,121700470.50571442,93.41029832839966,176.04823303222656,True,6.73152907487079,1.4314378088624902,5.7970705097350255,True,True,True,True,0.975,8,0.06666666666666667,2021-04-01
HINDCOPPER.NS,Metals & Mining,,674887916.0516334,53.88824725151062,116.23302459716795,True,4.891626012007823,2.497075726729939,3.957167446872059,True,True,True,True,0.9696969696969697,9,0.06666666666666667,2021-04-01
POONAWALLA.NS,Financial Services,,202162009.40828952,50.143535146713255,108.87440490722656,True,5.032877022156061,2.2099127161290264,4.098418457020298,True,True,True,True,0.968939393939394,10,0.06666666666666667,2021-04-01
BALAMINES.NS,Chemicals,,392646430.8697245,970.4438250732422,1727.067138671875,True,5.919919733017274,1.1390965018513564,4.98546116788151,True,True,True,True,0.9545454545454546,11,0.06666666666666667,2021-04-01
OLECTRA.NS,Automobile and Auto Components,,111607231.27888463,102.16721670150757,216.98294067382807,True,3.9839444350349327,2.335379958979138,3.049485869899169,True,True,True,True,0.9522727272727273,12,0.06666666666666667,2021-04-01
APLAPOLLO.NS,Capital Goods,,462466293.78559977,342.1622561645508,690.8831787109375,True,4.415377888142656,1.5094046448049272,3.480919323006892,True,True,True,True,0.9515151515151515,13,0.06666666666666667,2021-04-01
ADANIENSOL.NS,Power,,844991388.3562902,400.45475051879885,908.4000244140624,True,3.6394280401207943,2.616242179339004,2.7049694749850306,True,True,True,True,0.9492424242424242,14,0.06666666666666667,2021-04-01
VAIBHAVGBL.NS,Consumer Durables,,195847971.67213187,401.58966468811036,701.6080322265625,True,4.56842695995119,1.0444821736580132,3.6339683948154264,True,True,True,True,0.9431818181818181,15,0.06666666666666667,2021-04-01
ATGL.NS,Oil Gas & Consumable Fuels,,2007975463.1856694,404.0766349029541,1148.848388671875,True,10.054275176117068,4.94242212002866,9.40425431803064,True,True,True,True,0.9977678571428572,1,0.06666666666666667,2021-05-03
TANLA.NS,Information Technology,,266837805.6740987,504.3585461425781,823.05810546875,True,12.730740221163439,2.1405472849721083,12.08071936307701,True,True,True,True,0.9933035714285714,2,0.06666666666666667,2021-05-03
ADANIENT.NS,Metals & Mining,,9455866442.770271,516.8386808776855,1155.375732421875,True,7.31801826523947,2.769356064286841,6.667997407153042,True,True,True,True,0.9880952380952381,3,0.06666666666666667,2021-05-03
INTELLECT.NS,Information Technology,,489814634.6989395,330.66975440979,669.9581298828125,True,8.320110886845344,1.8844201978109574,7.670090028758915,True,True,True,True,0.9836309523809524,4,0.06666666666666667,2021-05-03
HINDCOPPER.NS,Metals & Mining,,923143728.0806384,63.86791230201721,150.4420928955078,True,5.179641409144994,3.4546760412083737,4.529620551058565,True,True,True,True,0.9791666666666666,5,0.06666666666666667,2021-05-03
CGPOWER.NS,Capital Goods,,285933817.8663304,37.524213581085206,68.7538833618164,True,7.699998913913134,1.5825598645860417,7.049978055826706,True,True,True,True,0.976934523809524,6,0.06666666666666667,2021-05-03
SAREGAMA.NS,Media Entertainment & Publication,,78908886.59330584,80.22616138458253,170.7054901123047,True,5.840476641418483,2.0715024845516865,5.190455783332055,True,True,True,True,0.9754464285714285,7,0.06666666666666667,2021-05-03
GPIL.NS,Capital Goods,,136158348.3756963,108.34783752441406,228.8002777099609,True,6.80645684845253,1.618165440084537,6.156435990366102,True,True,True,True,0.9747023809523809,8,0.06666666666666667,2021-05-03
POONAWALLA.NS,Financial Services,,219475436.05023485,58.64928599357605,116.8842315673828,True,5.530386153931732,2.030769124246647,4.880365295845304,True,True,True,True,0.9717261904761905,9,0.06666666666666667,2021-05-03
BALAMINES.NS,Chemicals,,592669157.8563396,1110.2355966186524,2542.596923828125,True,4.756503562378185,2.1136026498193816,4.106482704291757,True,True,True,True,0.9672619047619048,10,0.06666666666666667,2021-05-03
ADANIENSOL.NS,Power,,1154114596.23459,473.67250053405763,1049.9000244140625,True,4.224682957743367,2.651191337104049,3.5746620996569387,True,True,True,True,0.9627976190476191,11,0.06666666666666667,2021-05-03
BORORENEW.NS,Capital Goods,,146163751.2973348,167.84049942016603,231.3999938964844,True,5.129801162820779,1.611738125075401,4.4797803047343505,True,True,True,True,0.9620535714285715,12,0.06666666666666667,2021-05-03
PRINCEPIPE.NS,Capital Goods,,184816720.8033071,282.91966484069826,522.4976196289062,True,4.648130969378195,1.343121863412018,3.9981101112917665,True,True,True,True,0.9538690476190477,13,0.06666666666666667,2021-05-03
MASTEK.NS,Information Technology,,288048551.73406166,952.0285258483887,1581.3685302734375,True,6.20595881050461,1.0484169782153008,5.555937952418182,True,True,True,True,0.953125,14,0.06666666666666667,2021-05-03
JINDALSTEL.NS,Metals & Mining,,4094687810.9739017,258.22558441162107,435.3473815917969,True,4.2622171972824745,1.256004113021426,3.6121963391960463,True,True,True,True,0.9479166666666666,15,0.06666666666666667,2021-05-03
ATGL.NS,Oil Gas & Consumable Fuels,,3345490592.584195,519.3380882263184,1346.6209716796875,True,10.74444888704265,2.913680287301918,9.963002402001457,True,True,True,True,0.9951923076923077,1,0.06666666666666667,2021-06-01
INTELLECT.NS,Information Technology,,575329790.9061366,389.6305896759033,760.8690185546875,True,10.429100038494813,1.9459354745860304,9.64765355345362,True,True,True,True,0.9869505494505495,2,0.06666666666666667,2021-06-01
POONAWALLA.NS,Financial Services,,266581467.85200423,69.12164875984192,134.63441467285156,True,9.353611755151087,2.005518894259117,8.572165270109895,True,True,True,True,0.9862637362637363,3,0.06666666666666667,2021-06-01
SAREGAMA.NS,Media Entertainment & Publication,,94790814.83823268,96.41422206878661,240.29278564453125,True,8.5536694145849,2.407330861109074,7.772222929543709,True,True,True,True,0.9862637362637363,4,0.06666666666666667,2021-06-01
CGPOWER.NS,Capital Goods,,297646505.7882664,45.029105787277224,84.55937957763672,True,13.886955213598755,1.3777778349872962,13.105508728557563,True,True,True,True,0.9848901098901099,5,0.06666666666666667,2021-06-01
ADANIENT.NS,Metals & Mining,,10422978567.048153,628.807021408081,1312.523681640625,True,8.227480824970133,2.217944625834643,7.446034339928941,True,True,True,True,0.9807692307692307,6,0.06666666666666667,2021-06-01
PRINCEPIPE.NS,Capital Goods,,343488518.75191957,335.6638461303711,716.8831176757812,True,8.426448846710123,1.7568444266111922,7.645002361668931,True,True,True,True,0.9793956043956044,7,0.06666666666666667,2021-06-01
ADANIENSOL.NS,Power,,2148054374.307429,577.6450008392334,1473.5999755859375,True,7.09225659634664,2.8814697728869985,6.3108101113054484,True,True,True,True,0.9780219780219781,8,0.06666666666666667,2021-06-01
HINDCOPPER.NS,Metals & Mining,,1068332749.3403904,76.79616423606872,165.60292053222656,True,5.579150192956102,3.630435721707176,4.79770370791491,True,True,True,True,0.9732142857142858,9,0.06666666666666667,2021-06-01
GPIL.NS,Capital Goods,,187288101.0837789,127.78415327072143,235.8779754638672,True,7.372652240944566,1.4666365780120443,6.591205755903374,True,True,True,True,0.9697802197802198,10,0.06666666666666667,2021-06-01
PRAJIND.NS,Capital Goods,,1130075275.9587123,130.2658850288391,321.8346862792969,True,5.131579442722514,2.874426863613448,4.350132957681322,True,True,True,True,0.9690934065934067,11,0.06666666666666667,2021-06-01
ELECON.NS,Capital Goods,,90740666.63301627,23.516086325645446,57.49534225463867,True,5.056700776664755,2.5660088196384296,4.275254291623563,True,True,True,True,0.966346153846154,12,0.06666666666666667,2021-06-01
BALAMINES.NS,Chemicals,,590104862.5173279,1308.2421063232423,2756.2099609375,True,5.879338733944964,1.717562650591244,5.097892248903772,True,True,True,True,0.9663461538461539,13,0.06666666666666667,2021-06-01
BORORENEW.NS,Capital Goods,,184731712.6851532,186.78599933624267,269.8999938964844,True,6.667613296777263,1.3769263464789154,5.8861668117360715,True,True,True,True,0.9615384615384616,14,0.06666666666666667,2021-06-01
MASTEK.NS,Information Technology,,351609584.2965291,1079.2587899780274,1933.210205078125,True,7.400344142965729,1.0166652383365173,6.618897657924537,True,True,True,True,0.9546703296703296,15,0.06666666666666667,2021-06-01
ADANIENT.NS,Metals & Mining,,15545438452.591448,769.5483184814453,1503.224853515625,True,8.436933123830924,2.1828356024547375,7.851791106247286,True,True,True,True,0.993421052631579,1,0.06666666666666667,2021-07-01
SAREGAMA.NS,Media Entertainment & Publication,,62242892.05858866,118.63730260848999,290.82403564453125,True,6.449720832524725,3.277203646052195,5.864578814941087,True,True,True,True,0.9921052631578947,2,0.06666666666666667,2021-07-01
GPIL.NS,Capital Goods,,251791562.09993693,152.7045927810669,320.7611999511719,True,6.7392817013205235,1.8950805927163983,6.154139683736886,True,True,True,True,0.9901315789473684,3,0.06666666666666667,2021-07-01
ATGL.NS,Oil Gas & Consumable Fuels,,3056359674.1002216,654.9619602203369,1018.3577270507812,True,5.482639567815559,1.7677205574432584,4.897497550231921,True,True,True,True,0.9828947368421053,4,0.06666666666666667,2021-07-01
PRAJIND.NS,Capital Goods,,1135041487.6483834,161.34743724823,352.4130554199219,True,4.84439220495229,2.41913140567827,4.259250187368652,True,True,True,True,0.9802631578947368,5,0.06666666666666667,2021-07-01
PRINCEPIPE.NS,Capital Goods,,367845108.1430186,393.02724700927735,710.3079833984375,True,5.38054118186294,1.6440924421288132,4.795399164279302,True,True,True,True,0.9763157894736842,6,0.06666666666666667,2021-07-01
POONAWALLA.NS,Financial Services,,269593750.806861,82.06568788528442,145.3636474609375,True,4.157894936313759,2.5550181915443355,3.572752918730121,True,True,True,True,0.975,7,0.06666666666666667,2021-07-01
INTELLECT.NS,Information Technology,,356065916.4091532,450.01655075073245,711.8980712890625,True,5.4783001023018425,1.3814144232959178,4.893158084718205,True,True,True,True,0.9717105263157895,8,0.06666666666666667,2021-07-01
ELECON.NS,Capital Goods,,167519050.39029953,28.858382654190063,66.93925476074219,True,3.992700322874712,2.6577533062145053,3.407558305291074,True,True,True,True,0.9697368421052632,9,0.06666666666666667,2021-07-01
BALAMINES.NS,Chemicals,,555782966.1131185,1505.6176635742188,2624.812255859375,True,4.128011392898183,1.8896575543126226,3.5428693753145453,True,True,True,True,0.9677631578947369,10,0.06666666666666667,2021-07-01
LAURUSLABS.NS,Healthcare,,2220416095.7292333,380.36041564941405,678.2840576171875,True,5.705475295483794,0.9827246311341122,5.120333277900156,True,True,True,True,0.9638157894736842,11,0.06666666666666667,2021-07-01
CGPOWER.NS,Capital Goods,,246272871.31696638,51.86992023468017,78.1384048461914,True,8.705522053768275,0.8352671562441285,8.120380036184637,True,True,True,True,0.9631578947368421,12,0.06666666666666667,2021-07-01
MASTEK.NS,Information Technology,,382447606.762443,1228.408719482422,2174.279541015625,True,4.72374692299603,1.0652537086379903,4.138604905412392,True,True,True,True,0.9598684210526316,13,0.06666666666666667,2021-07-01
APLAPOLLO.NS,Capital Goods,,417535341.0355347,485.3406741333008,803.5521240234375,True,4.334970178864006,1.140998499638814,3.7498281612803677,True,True,True,True,0.9592105263157895,14,0.06666666666666667,2021-07-01
TATAELXSI.NS,Information Technology,,964169178.040389,2299.762747192383,4087.7763671875,True,3.940842134073221,1.4776112401816324,3.355700116489583,True,True,True,True,0.9585526315789473,15,0.06666666666666667,2021-07-01
RTNINDIA.NS,Consumer Services,,91834469.86296415,14.868499963283538,66.80000305175781,True,12.098040058996911,9.276923546424278,11.594152215476688,True,True,True,True,1.0,1,0.06666666666666667,2021-08-02
GPIL.NS,Capital Goods,,238582611.61584473,183.63255668640136,413.1996765136719,True,9.040687852895767,2.580111839766405,8.536800009375543,True,True,True,True,0.9933333333333334,2,0.06666666666666667,2021-08-02
TTML.NS,Telecommunication,,86393169.42662105,16.540250005722047,37.95000076293945,True,10.328358759192815,1.5469799821835717,9.824470915672592,True,True,True,True,0.9866666666666666,3,0.06666666666666667,2021-08-02
SAREGAMA.NS,Media Entertainment & Publication,,75737888.19820023,146.09301485061644,322.0531311035156,True,6.154139368288251,2.6684820426904063,5.650251524768028,True,True,True,True,0.986,4,0.06666666666666667,2021-08-02
POONAWALLA.NS,Financial Services,,236359028.76596996,94.90243494033814,171.5686492919922,True,5.7509726467105615,2.920903494776757,5.247084803190338,True,True,True,True,0.9853333333333333,5,0.06666666666666667,2021-08-02
ADANIENT.NS,Metals & Mining,,13568430042.54268,886.1676194763184,1417.086669921875,True,7.1887873539355525,1.765448633036832,6.684899510415329,True,True,True,True,0.9820000000000001,6,0.06666666666666667,2021-08-02
HFCL.NS,Telecommunication,,2147409893.5933595,34.819390001296995,74.21917724609375,True,5.603524223841755,1.5536625013699474,5.099636380321532,True,True,True,True,0.9740000000000001,7,0.06666666666666667,2021-08-02
BALAMINES.NS,Chemicals,,351798504.23461914,1725.4060552978515,3210.730712890625,True,4.853810451985826,1.9557214435197108,4.349922608465603,True,True,True,True,0.9720000000000001,8,0.06666666666666667,2021-08-02
PRAJIND.NS,Capital Goods,,819929087.9803249,190.85149047851561,349.4599914550781,True,4.827641117089168,2.1844620478300367,4.323753273568945,True,True,True,True,0.972,9,0.06666666666666667,2021-08-02
JSWENERGY.NS,Power,,977519885.5701097,96.72137002944946,246.15855407714844,True,4.773234389655863,2.502929304751269,4.2693465461356395,True,True,True,True,0.9706666666666668,10,0.06666666666666667,2021-08-02
ATGL.NS,Oil Gas & Consumable Fuels,,2200204079.9147167,729.0310483551025,891.2439575195312,True,5.110329891650653,1.3638798693743155,4.60644204813043,True,True,True,True,0.966,11,0.06666666666666667,2021-08-02
ELECON.NS,Capital Goods,,213277622.33963674,34.54857325553894,67.66271209716797,True,4.5870091311040575,1.996283315359729,4.083121287583834,True,True,True,True,0.9653333333333333,12,0.06666666666666667,2021-08-02
PRINCEPIPE.NS,Capital Goods,,383466066.2638265,442.7307822418213,677.0370483398438,True,5.479115762193382,1.2866922727743115,4.975227918673159,True,True,True,True,0.9626666666666667,13,0.06666666666666667,2021-08-02
CGPOWER.NS,Capital Goods,,182545279.63831076,57.465064420700074,77.44691467285156,True,8.56097668945389,0.9723271315196664,8.057088845933666,True,True,True,True,0.96,14,0.06666666666666667,2021-08-02
MASTEK.NS,Information Technology,,472347333.1257955,1387.41171295166,2503.28564453125,True,4.262629837259942,1.3306086530977037,3.7587419937397186,True,True,True,True,0.952,15,0.06666666666666667,2021-08-02
ATGL.NS,Oil Gas & Consumable Fuels,,491134311.90579426,817.6994497680664,1450.374755859375,True,6.804328058154099,1.9046798002008454,6.271861796842112,True,True,True,True,0.9942196531791908,1,0.06666666666666667,2021-09-01
TTML.NS,Telecommunication,,106229540.55329351,20.021749942302705,36.75,True,9.5,1.458194011295204,8.967533738688012,True,True,True,True,0.9942196531791907,2,0.06666666666666667,2021-09-01
SAREGAMA.NS,Media Entertainment & Publication,,53821621.05345357,172.93417182922363,303.3918151855469,True,5.261815866783223,2.162506447696556,4.729349605471236,True,True,True,True,0.9934971098265897,3,0.06666666666666667,2021-09-01
ELECON.NS,Capital Goods,,247129810.95658886,41.469998874664306,80.71439361572266,True,3.9165855805939023,1.9882508160960093,3.384119319281915,True,True,True,True,0.9841040462427746,4,0.06666666666666667,2021-09-01
JSWENERGY.NS,Power,,852979691.5200267,115.2595545387268,257.9523620605469,True,3.6941820412577204,2.6632011599914756,3.161715779945733,True,True,True,True,0.9841040462427746,5,0.06666666666666667,2021-09-01
ADANIENSOL.NS,Power,,270502557.3695414,862.0229997253418,1580.5999755859375,True,4.583185946693305,1.125176437762605,4.050719685381318,True,True,True,True,0.9776011560693642,6,0.06666666666666667,2021-09-01
RTNINDIA.NS,Consumer Services,,103845736.89041233,19.820749988555907,46.150001525878906,True,3.273148213966719,5.939849753991467,2.7406819526547315,True,True,True,True,0.9739884393063585,7,0.06666666666666667,2021-09-01
ADANIENT.NS,Metals & Mining,,11097956212.836617,1005.1777027893066,1584.06396484375,True,4.563375229111676,0.9729529285232759,4.0309089677996885,True,True,True,True,0.9689306358381503,8,0.06666666666666667,2021-09-01
PRAJIND.NS,Capital Goods,,241762463.44290414,218.03978382110597,318.4754943847656,True,3.378830000581141,1.3897332521474453,2.8463637392691536,True,True,True,True,0.9682080924855492,9,0.06666666666666667,2021-09-01
TEJASNET.NS,Telecommunication,,84593093.9263654,183.224895362854,365.88482666015625,True,4.701863460377866,0.8264113738773649,4.1693971990658785,True,True,True,True,0.9660404624277457,10,0.06666666666666667,2021-09-01
BALAMINES.NS,Chemicals,,338136470.0657674,1998.3778100585937,3970.868408203125,True,3.1623563627448528,1.4289785206980632,2.6298901014328653,True,True,True,True,0.9653179190751444,11,0.06666666666666667,2021-09-01
HFCL.NS,Telecommunication,,1593711080.2744544,40.03973630905151,67.43597412109375,True,3.0176985740163866,1.2814072764224393,2.485232312704399,True,True,True,True,0.958092485549133,12,0.06666666666666667,2021-09-01
KPITTECH.NS,Information Technology,,419203049.26845527,187.95828186035158,329.340087890625,True,2.6886843610549365,1.3803818954665434,2.156218099742949,True,True,True,True,0.9523121387283238,13,0.06666666666666667,2021-09-01
TATAELXSI.NS,Information Technology,,863279827.3425822,2897.3194708251954,4530.95263671875,True,3.3916834136220926,0.7931273497693516,2.859217152310105,True,True,True,True,0.9486994219653179,14,0.06666666666666667,2021-09-01
FLUOROCHEM.NS,Chemicals,,238174497.58624676,874.4987884521485,1752.61474609375,True,2.311064575170694,2.2319978461481664,1.7785983138587067,True,True,True,True,0.940028901734104,15,0.06666666666666667,2021-09-01
RTNINDIA.NS,Consumer Services,,94571785.04972376,23.940749955177306,44.45000076293945,True,7.081818320534445,7.548077383337658,6.448129072115099,True,True,True,True,0.9959128065395096,1,0.06666666666666667,2021-10-01
TTML.NS,Telecommunication,,98477297.64574718,23.01799992799759,35.349998474121094,True,11.62499967004571,1.7509725622341117,10.991310421626364,True,True,True,True,0.9959128065395095,2,0.06666666666666667,2021-10-01
JSWENERGY.NS,Power,,712879096.5881358,140.86299291610717,380.0325317382813,True,6.0207514157854085,3.493281045430904,5.387062167366062,True,True,True,True,0.9911444141689373,3,0.06666666666666667,2021-10-01
TEJASNET.NS,Telecommunication,,155313319.0954806,216.16773193359376,491.1346130371094,True,6.227273365170881,1.9981753111560687,5.5935841167515346,True,True,True,True,0.9911444141689373,4,0.06666666666666667,2021-10-01
SAREGAMA.NS,Media Entertainment & Publication,,56726105.06651204,201.9675790786743,334.1889343261719,True,5.912506541210097,1.365537391290823,5.27881729279075,True,True,True,True,0.9802452316076294,5,0.06666666666666667,2021-10-01
ELECON.NS,Capital Goods,,215299832.23008907,48.55577069282532,82.2354507446289,True,5.735869827836781,1.6300461939536044,5.102180579417434,True,True,True,True,0.9795640326975477,6,0.06666666666666667,2021-10-01
BALAMINES.NS,Chemicals,,506318130.5210937,2364.3297225952147,4439.93408203125,True,4.862343495503023,1.6676877221839077,4.228654247083676,True,True,True,True,0.9754768392370572,7,0.06666666666666667,2021-10-01
HFCL.NS,Telecommunication,,554264361.861732,45.687969818115235,70.84701538085938,True,3.9856885864052147,1.800181108971302,3.351999337985868,True,True,True,True,0.967983651226158,8,0.06666666666666667,2021-10-01
OLECTRA.NS,Automobile and Auto Components,,120542377.89944306,217.18715366363526,412.0978698730469,True,5.6834010423555785,0.9285048007957015,5.049711793936232,True,True,True,True,0.9604904632152589,9,0.06666666666666667,2021-10-01
HAPPSTMNDS.NS,Information Technology,,2209813197.209316,814.8085111999512,1338.909423828125,True,3.104143471360489,1.6489233684581937,2.470454222941142,True,True,True,True,0.9543596730245232,10,0.06666666666666667,2021-10-01
FLUOROCHEM.NS,Chemicals,,307133156.4881022,998.2556127929688,1903.8704833984373,True,2.8632640696415175,2.2934431970784837,2.2295748212221707,True,True,True,True,0.9536784741144415,11,0.06666666666666667,2021-10-01
TATAELXSI.NS,Information Technology,,1003985294.5074056,3270.4766436767577,5312.64599609375,True,3.769433070046383,1.1379846452511861,3.1357438216270364,True,True,True,True,0.9509536784741144,12,0.06666666666666667,2021-10-01
ADANIENSOL.NS,Power,,779887625.5823476,1001.0257507324219,1558.5,True,5.637563797886553,0.7901447779746227,5.003874549467207,True,True,True,True,0.9495912806539509,13,0.06666666666666667,2021-10-01
PRAJIND.NS,Capital Goods,,190068920.22369945,244.14582626342772,337.9251403808594,True,4.100520122069254,0.8985342898874797,3.466830873649907,True,True,True,True,0.9489100817438691,14,0.06666666666666667,2021-10-01
JSL.NS,Metals & Mining,,602108041.6392806,100.89501934051513,159.2958984375,True,2.985239945368902,1.4508321280226575,2.3515506969495554,True,True,True,True,0.9482288828337875,15,0.06666666666666667,2021-10-01
OLECTRA.NS,Automobile and Auto Components,,130768889.03112844,258.07166473388673,560.2813720703125,True,8.454086776222734,2.0256134702283353,7.907759049912034,True,True,True,True,0.9969788519637462,1,0.06666666666666667,2021-11-01
TTML.NS,Telecommunication,,152087216.86327547,27.068749918937684,52.59999847412109,True,8.309734086066488,2.9548870466004695,7.763406359755788,True,True,True,True,0.9969788519637462,2,0.06666666666666667,2021-11-01
RTNINDIA.NS,Consumer Services,,60539395.76952184,27.494249911308287,40.34999847412109,True,4.93382313857855,3.138461381961137,4.38749541226785,True,True,True,True,0.9886706948640483,3,0.06666666666666667,2021-11-01
JSWENERGY.NS,Power,,492752080.24823636,171.16133518218993,339.82647705078125,True,4.514775499874672,2.2253850940879274,3.9684477735639714,True,True,True,True,0.9818731117824773,4,0.06666666666666667,2021-11-01
ANGELONE.NS,Financial Services,,711291421.2197634,71.81381887435913,113.7081527709961,True,4.396078381678478,2.490656948820758,3.849750655367778,True,True,True,True,0.9803625377643506,5,0.06666666666666667,2021-11-01
TRIDENT.NS,Textiles,,906573181.5626223,17.528935351371764,35.52849197387695,True,3.9235945495988958,1.836418338449206,3.3772668232881955,True,True,True,True,0.9758308157099698,6,0.06666666666666667,2021-11-01
CGPOWER.NS,Capital Goods,,218920137.8726345,77.76796031951905,144.52146911621094,True,4.637764866615604,1.08404539002473,4.091437140304904,True,True,True,True,0.9735649546827795,7,0.06666666666666667,2021-11-01
ELECON.NS,Capital Goods,,166000689.02807108,54.52118126869202,84.19811248779297,True,6.22987165865173,0.8805565356024261,5.6835439323410295,True,True,True,True,0.9720543806646524,8,0.06666666666666667,2021-11-01
TEJASNET.NS,Telecommunication,,230109958.80215403,250.45274406433106,429.1075744628906,True,3.630645205510242,1.2553025123026371,3.084317479199542,True,True,True,True,0.9667673716012085,9,0.06666666666666667,2021-11-01
HFCL.NS,Telecommunication,,284570544.1235015,50.69220537185669,70.69816589355469,True,3.237051377485794,1.6008858794326866,2.6907236511750936,True,True,True,True,0.9614803625377644,10,0.06666666666666667,2021-11-01
BORORENEW.NS,Capital Goods,,149993316.2708374,291.30774963378906,449.5499877929688,True,3.797758830678407,0.8992395166412668,3.2514311043677067,True,True,True,True,0.9584592145015106,11,0.06666666666666667,2021-11-01
ADANIENSOL.NS,Power,,788050154.1327434,1132.324500732422,1767.4000244140625,True,5.024884907588489,0.682997651121509,4.478557181277789,True,True,True,True,0.9539274924471299,12,0.06666666666666667,2021-11-01
TATAPOWER.NS,Power,,11783054524.354654,116.90872066497803,208.43898010253903,True,2.9270609584967624,1.2219164840248267,2.3807332321860617,True,True,True,True,0.9425981873111782,13,0.06666666666666667,2021-11-01
USHAMART.NS,Capital Goods,,130259818.97175655,51.804011039733886,84.54873657226562,True,2.9617108721300247,1.040603170823978,2.415383145819324,True,True,True,True,0.9410876132930514,14,0.06666666666666667,2021-11-01
FLUOROCHEM.NS,Chemicals,,298118403.26420087,1137.2109762573243,1809.2923583984373,True,2.6000398095771176,1.2980771191230738,2.053712083266417,True,True,True,True,0.9358006042296073,15,0.06666666666666667,2021-11-01
TTML.NS,Telecommunication,,500995362.6761544,33.45449993610382,112.5500030517578,True,13.809211113693976,6.553691673373323,13.411134359462945,True,True,True,True,1.0,1,0.06666666666666667,2021-12-01
OLECTRA.NS,Automobile and Auto Components,,199607822.64043072,319.00887550354,822.84765625,True,12.24839081837818,3.5984932440890685,11.850314064147149,True,True,True,True,0.99644128113879,2,0.06666666666666667,2021-12-01
RTNINDIA.NS,Consumer Services,,91952430.84422423,31.478249921798707,42.79999923706055,True,6.5087720472359925,1.6338461068960335,6.110695293004962,True,True,True,True,0.9919928825622777,3,0.06666666666666667,2021-12-01
TRIDENT.NS,Textiles,,1187568036.758518,20.407628479003908,48.68198776245117,True,5.621492470055629,2.229621881888688,5.223415715824599,True,True,True,True,0.9902135231316727,4,0.06666666666666667,2021-12-01
BORORENEW.NS,Capital Goods,,265038073.05284423,315.3869998931885,588.1500244140625,True,4.1054690971763685,1.1551851871318028,3.707392342945338,True,True,True,True,0.9759786476868327,5,0.06666666666666667,2021-12-01
ELECON.NS,Capital Goods,,151905512.26056975,61.05381721496582,101.54312896728516,True,5.454679802059786,0.85781526314974,5.056603047828755,True,True,True,True,0.9724199288256228,6,0.06666666666666667,2021-12-01
KPITTECH.NS,Information Technology,,665338091.4839396,259.4232807159424,483.6938171386719,True,3.767591811277147,1.0477452124426878,3.3695150570461165,True,True,True,True,0.9697508896797153,7,0.06666666666666667,2021-12-01
JSWENERGY.NS,Power,,506610502.234685,194.89729515075683,280.02911376953125,True,3.583919317272329,1.4942201520398881,3.1858425630412985,True,True,True,True,0.9679715302491103,8,0.06666666666666667,2021-12-01
TEJASNET.NS,Telecommunication,,236490298.83241272,280.9722909545898,455.4129943847656,True,3.4138095137391646,1.590252264088178,3.015732759508134,True,True,True,True,0.9670818505338079,9,0.06666666666666667,2021-12-01
SAREGAMA.NS,Media Entertainment & Publication,,61084866.672540285,265.8530863571167,396.3962707519531,True,4.641788834141799,0.7083124876043536,4.243712079910768,True,True,True,True,0.9599644128113879,10,0.06666666666666667,2021-12-01
FLUOROCHEM.NS,Chemicals,,290733679.716451,1279.2265716552733,1959.1534423828125,True,2.8265561850276377,1.4031400136497596,2.428479430796607,True,True,True,True,0.9483985765124555,11,0.06666666666666667,2021-12-01
CGPOWER.NS,Capital Goods,,224635369.5807692,89.0333246421814,147.33682250976562,True,3.3483967034858697,0.6997151670174637,2.950319949254839,True,True,True,True,0.9403914590747332,12,0.06666666666666667,2021-12-01
TATAPOWER.NS,Power,,15709404666.286848,131.74183639526368,210.87060546875,True,2.7779909373539344,1.083543050331476,2.379914183122904,True,True,True,True,0.9395017793594306,13,0.06666666666666667,2021-12-01
JBMA.NS,Automobile and Auto Components,,180134618.97456422,97.07935916900635,186.09434509277344,True,2.727044743698574,1.2367747500912207,2.3289679894675435,True,True,True,True,0.9368327402135231,14,0.06666666666666667,2021-12-01
IEX.NS,Financial Services,,7615099490.229008,143.9074629974365,229.28787231445312,True,2.6803624958462593,1.0685317524148124,2.2822857416152287,True,True,True,True,0.9306049822064058,15,0.06666666666666667,2021-12-01
TTML.NS,Telecommunication,,735998410.7088852,50.09275002002716,206.3500061035156,True,26.151316933271968,3.6266819094904026,25.81541798009706,True,True,True,True,1.0,1,0.06666666666666667,2022-01-03
OLECTRA.NS,Automobile and Auto Components,,195451375.38859254,391.0960429382324,796.8357543945312,True,6.012302682830688,2.568873304976761,5.67640372965578,True,True,True,True,0.9908088235294119,2,0.06666666666666667,2022-01-03
TRIDENT.NS,Textiles,,1279430602.9109497,24.54763310909271,49.94584655761719,True,4.885187854662469,2.293201834186848,4.549288901487561,True,True,True,True,0.9871323529411765,3,0.06666666666666667,2022-01-03
KPITTECH.NS,Information Technology,,780837925.7291524,302.03175788879395,599.37353515625,True,4.164372345826457,1.3704011957084266,3.8284733926515497,True,True,True,True,0.9779411764705882,4,0.06666666666666667,2022-01-03
CGPOWER.NS,Capital Goods,,227825473.7667192,102.5749269104004,192.18490600585932,True,3.513921759891292,1.4595447831851502,3.1780228067163843,True,True,True,True,0.9715073529411764,5,0.06666666666666667,2022-01-03
SAREGAMA.NS,Media Entertainment & Publication,,57428913.81641795,306.69194633483886,487.0784606933594,True,6.163554289362614,0.6748218888231996,5.827655336187707,True,True,True,True,0.9659926470588235,6,0.06666666666666667,2022-01-03
JBMA.NS,Automobile and Auto Components,,214365159.4163507,112.10313247680664,223.7368927001953,True,3.282854084055579,1.6281604113337238,2.946955130880671,True,True,True,True,0.964154411764706,7,0.06666666666666667,2022-01-03
FLUOROCHEM.NS,Chemicals,,339825269.41288453,1480.0202630615233,2405.4501953125,True,3.285917367738792,1.079032455802178,2.950018414563884,True,True,True,True,0.9586397058823529,8,0.06666666666666667,2022-01-03
JSWENERGY.NS,Power,,403653353.17489064,220.09899452209473,292.89508056640625,True,3.4365175163444164,0.8063434600271866,3.1006185631695087,True,True,True,True,0.9531250000000001,9,0.06666666666666667,2022-01-03
ATGL.NS,Oil Gas & Consumable Fuels,,529123538.6413635,1299.9279531860352,1719.28076171875,True,3.672708402779569,0.6882876380757472,3.336809449604661,True,True,True,True,0.953125,10,0.06666666666666667,2022-01-03
KPRMILL.NS,Textiles,,286972646.0533503,376.0966160583496,655.6248779296875,True,2.840451082618126,1.199320860952576,2.5045521294432183,True,True,True,True,0.9522058823529411,11,0.06666666666666667,2022-01-03
IEX.NS,Financial Services,,7642493136.696067,160.8978584289551,233.56874084472656,True,2.609212059078976,1.0290777960287256,2.273313105904068,True,True,True,True,0.9375,12,0.06666666666666667,2022-01-03
POONAWALLA.NS,Financial Services,,1064892256.111129,159.0614478302002,216.80938720703125,True,4.302297576329713,0.49149660863657707,3.9663986231548054,True,True,True,True,0.9356617647058822,13,0.06666666666666667,2022-01-03
ADANIENSOL.NS,Power,,330815514.73066,1399.1869989013671,1740.8499755859375,True,3.066456320407049,0.6431639584865285,2.7305573672321413,True,True,True,True,0.931985294117647,14,0.06666666666666667,2022-01-03
TEJASNET.NS,Telecommunication,,172537429.61681977,309.116127243042,417.4494934082031,True,2.223932641204822,1.3262076600491803,1.8880336880299144,True,True,True,True,0.9310661764705882,15,0.06666666666666667,2022-01-03
TTML.NS,Telecommunication,,709531543.5144196,70.94999997138977,149.1999969482422,True,9.507042179739537,3.1272473209007625,9.248326052403758,True,True,True,True,1.0,1,0.06666666666666667,2022-02-01
OLECTRA.NS,Automobile and Auto Components,,202684541.1621114,449.82922515869143,838.9241943359375,True,5.485141135065567,1.9075961711354381,5.226425007729788,True,True,True,True,0.991106719367589,2,0.06666666666666667,2022-02-01
ATGL.NS,Oil Gas & Consumable Fuels,,463117408.84915364,1387.7629089355469,1818.5850830078125,True,4.009888054870567,0.9748967636047947,3.751171927534788,True,True,True,True,0.9782608695652174,3,0.06666666666666667,2022-02-01
KPITTECH.NS,Information Technology,,1358177108.8536932,350.86454360961915,631.9359741210938,True,3.8041211832405306,1.2442491008276093,3.5454050559047516,True,True,True,True,0.9782608695652174,4,0.06666666666666667,2022-02-01
TRIDENT.NS,Textiles,,1033013913.4604199,28.813988456726076,57.01409912109375,True,3.4391360202515715,2.1199875249797877,3.1804198929157925,True,True,True,True,0.9743083003952568,5,0.06666666666666667,2022-02-01
JBMA.NS,Automobile and Auto Components,,268685396.3638528,132.83831298828125,302.6320495605469,True,3.189024361266683,2.152256850847837,2.930308233930904,True,True,True,True,0.9693675889328064,6,0.06666666666666667,2022-02-01
CGPOWER.NS,Capital Goods,,261968526.1144679,114.50659164428711,172.4280242919922,True,3.3967255215381904,1.2122938047023153,3.1380093942024114,True,True,True,True,0.9683794466403162,7,0.06666666666666667,2022-02-01
ADANIENSOL.NS,Power,,326493725.64065146,1503.4009979248046,1970.9000244140625,True,3.1301340611848003,1.1013967087220728,2.8714179338490213,True,True,True,True,0.958498023715415,8,0.06666666666666667,2022-02-01
POONAWALLA.NS,Financial Services,,1625107380.76011,174.0205530166626,280.5914001464844,True,5.4196833855758335,0.5750764504252974,5.1609672582400545,True,True,True,True,0.958498023715415,9,0.06666666666666667,2022-02-01
FLUOROCHEM.NS,Chemicals,,377424852.29534304,1688.4071136474608,2782.369384765625,True,3.731198307716147,0.612108383403237,3.472482180380368,True,True,True,True,0.9535573122529645,10,0.06666666666666667,2022-02-01
KPRMILL.NS,Textiles,,336689124.73480684,424.6978042602539,657.0452270507812,True,2.7462603617837233,0.7231180108564945,2.4875442344479444,True,True,True,True,0.9426877470355731,11,0.06666666666666667,2022-02-01
SAREGAMA.NS,Media Entertainment & Publication,,66343826.834777325,339.42642890930176,438.6188049316406,True,3.9853280897068046,0.3847106533901643,3.7266119623710257,True,True,True,True,0.9268774703557313,12,0.06666666666666667,2022-02-01
TATAPOWER.NS,Power,,9473532097.766882,159.09142639160157,239.32064819335932,True,2.137478077927055,1.004480780887897,1.878761950591276,True,True,True,True,0.9258893280632411,13,0.06666666666666667,2022-02-01
IRCTC.NS,Consumer Services,,5297331858.299983,609.1455711364746,830.311767578125,True,2.0338656975598637,0.8723277633493125,1.775149570224085,True,True,True,True,0.91600790513834,14,0.06666666666666667,2022-02-01
BSE.NS,Financial Services,,2788245448.586295,135.5833536529541,207.2719573974609,True,2.305342856223416,0.6020289636632723,2.046626728887637,True,True,True,True,0.9130434782608695,15,0.06666666666666667,2022-02-01
TTML.NS,Telecommunication,,486153849.72031593,84.29150003433227,117.5999984741211,True,6.127272634795218,2.152815036984667,5.9556950219830735,True,True,True,True,1.0,1,0.06666666666666667,2022-03-02
TRIDENT.NS,Textiles,,725116646.4291178,32.77193408489227,47.511749267578125,True,2.793102083067489,1.5419249383418516,2.621524470255345,True,True,True,True,0.9725433526011561,2,0.06666666666666667,2022-03-02
KPITTECH.NS,Information Technology,,1300784948.6712134,389.06292945861816,557.0557861328125,True,3.3408969328522113,0.6997576577587463,3.169319320040067,True,True,True,True,0.9638728323699423,3,0.06666666666666667,2022-03-02
FLUOROCHEM.NS,Chemicals,,331341340.59258217,1893.026770324707,2569.655029296875,True,3.8674533983834287,0.5183931555574022,3.6958757855712845,True,True,True,True,0.9609826589595376,4,0.06666666666666667,2022-03-02
OLECTRA.NS,Automobile and Auto Components,,169487422.42992654,506.9035807800293,633.0250244140625,True,2.742325900267013,1.1277058597201082,2.570748287454869,True,True,True,True,0.9609826589595376,5,0.06666666666666667,2022-03-02
KPRMILL.NS,Textiles,,371399026.7760544,463.07186920166015,619.4788818359375,True,2.526576253100769,0.8420953573290844,2.354998640288625,True,True,True,True,0.949421965317919,6,0.06666666666666667,2022-03-02
BSE.NS,Financial Services,,3050130663.9020944,151.69157470703124,208.35972595214844,True,2.4717120966044246,0.7866958049609725,2.3001344837922804,True,True,True,True,0.9393063583815029,7,0.06666666666666667,2022-03-02
CGPOWER.NS,Capital Goods,,310537874.0350711,124.2625318145752,169.1681671142578,True,2.1307131302471918,1.0374777306610983,1.9591355174350475,True,True,True,True,0.9335260115606937,8,0.06666666666666667,2022-03-02
JSWENERGY.NS,Power,,210127764.7877589,262.5375663757324,331.59033203125,True,3.777803098334746,0.3651686466155588,3.606225485522602,True,True,True,True,0.9205202312138728,9,0.06666666666666667,2022-03-02
JBMA.NS,Automobile and Auto Components,,169885939.42149252,151.8438628768921,214.66688537597656,True,1.7513219866439207,1.4107374083629831,1.5797443738317765,True,True,True,True,0.9190751445086706,10,0.06666666666666667,2022-03-02
TRIVENI.NS,Fast Moving Consumer Goods,,268649625.20185876,192.34453651428223,237.67779541015625,True,2.449288067981954,0.49973474259633366,2.2777104551698097,True,True,True,True,0.9075144508670521,11,0.06666666666666667,2022-03-02
DEEPAKFERT.NS,Chemicals,,332414143.10885465,401.6808297729492,542.5845947265625,True,2.7572098603182513,0.3764589553925841,2.585632247506107,True,True,True,True,0.903179190751445,12,0.06666666666666667,2022-03-02
ADANIENSOL.NS,Power,,367725645.19496256,1596.016496887207,2134.39990234375,True,1.8102697858377224,0.48873542235886824,1.6386921730255781,True,True,True,True,0.8872832369942196,13,0.06666666666666667,2022-03-02
TATAPOWER.NS,Power,,7344428878.052637,172.19648181915284,216.94967651367188,True,1.5064278493511067,0.7528486999523074,1.3348502365389625,True,True,True,True,0.8872832369942196,14,0.06666666666666667,2022-03-02
NATIONALUM.NS,Metals & Mining,,2287347694.2257533,74.7195246887207,100.5102310180664,True,1.531161307081446,0.5102008461385557,1.3595836942693018,True,True,True,True,0.8771676300578034,15,0.06666666666666667,2022-03-02
TTML.NS,Telecommunication,,375053927.0814079,96.15775000572205,166.6999969482422,True,11.21245433017757,3.8109665110328965,10.9913134691134,True,True,True,True,1.0,1,0.06666666666666667,2022-04-01
BSE.NS,Financial Services,,3673968920.8611746,171.20596702575685,300.53717041015625,True,4.150387573385032,1.2268526537484514,3.9292467123208636,True,True,True,True,0.9904761904761905,2,0.06666666666666667,2022-04-01
TRIDENT.NS,Textiles,,445394209.70889825,36.35084436416626,49.94584655761719,True,2.9025893954401147,1.0910232875210437,2.6814485343759458,True,True,True,True,0.9785714285714286,3,0.06666666666666667,2022-04-01
USHAMART.NS,Capital Goods,,102219654.05225118,78.89301498413086,129.2985382080078,True,3.106870259530133,0.6718460357253451,2.8857293984659647,True,True,True,True,0.9642857142857143,4,0.06666666666666667,2022-04-01
GMDCLTD.NS,Metals & Mining,,949803335.0208318,79.61761085510254,169.18173217773438,True,2.4043576108044156,1.7205665062932223,2.1832167497402466,True,True,True,True,0.9595238095238094,5,0.06666666666666667,2022-04-01
FLUOROCHEM.NS,Chemicals,,241427456.86559245,2086.455328979492,2733.748291015625,True,3.7079302032294974,0.5021415119005601,3.486789342165329,True,True,True,True,0.955952380952381,6,0.06666666666666667,2022-04-01
TRIVENI.NS,Fast Moving Consumer Goods,,389177580.7457209,207.53936653137208,297.1807861328125,True,2.652950188236459,0.7863346050255922,2.4318093271722905,True,True,True,True,0.955952380952381,7,0.06666666666666667,2022-04-01
KPITTECH.NS,Information Technology,,1254371396.6778004,424.0791480255127,588.9505004882812,True,2.517813795513344,0.7657311609934017,2.296672934449175,True,True,True,True,0.9511904761904761,8,0.06666666666666667,2022-04-01
TATAELXSI.NS,Information Technology,,4197337848.6507974,5467.7817102050785,8395.455078125,True,2.3558794522430215,0.5603065821139863,2.134738591178853,True,True,True,True,0.930952380952381,9,0.06666666666666667,2022-04-01
GNFC.NS,Chemicals,,2176893440.583299,399.4376547241211,749.848876953125,True,1.9572115635158962,0.8803164214872814,1.7360707024517275,True,True,True,True,0.9273809523809523,10,0.06666666666666667,2022-04-01
OLECTRA.NS,Automobile and Auto Components,,161420152.06870523,554.9878211212158,668.5731201171875,True,2.04064511996589,0.6249242528418997,1.8195042589017214,True,True,True,True,0.925,11,0.06666666666666667,2022-04-01
RENUKA.NS,Fast Moving Consumer Goods,,434301289.44216937,31.100499982833863,35.599998474121094,True,2.869565131758921,0.32835818983499876,2.6484242706947523,True,True,True,True,0.9107142857142857,12,0.06666666666666667,2022-04-01
JBMA.NS,Automobile and Auto Components,,120710519.1327062,165.91352828979493,217.4515380859375,True,1.5716966554093652,1.0689820179846286,1.3505557943451965,True,True,True,True,0.9095238095238095,13,0.06666666666666667,2022-04-01
CGPOWER.NS,Capital Goods,,321889577.7109156,133.43440937042237,187.1468963623047,True,1.7860290338683034,0.6983414566869139,1.5648881728041346,True,True,True,True,0.905952380952381,14,0.06666666666666667,2022-04-01
RHIM.NS,Capital Goods,,266819523.77841797,383.43180480957034,602.7993774414062,True,1.6964867639593746,0.7438121578372507,1.4753459028952058,True,True,True,True,0.9023809523809524,15,0.06666666666666667,2022-04-01
TTML.NS,Telecommunication,,656254439.5928721,109.07349988937378,139.6999969482422,True,9.999999924907533,1.6383379591189815,9.789921266473401,True,True,True,True,1.0,1,0.06666666666666667,2022-05-02
BSE.NS,Financial Services,,3274516637.305304,188.57771659851073,286.3858337402344,True,3.5741925129897254,0.978554725771837,3.3641138545555944,True,True,True,True,0.9817961165048543,2,0.06666666666666667,2022-05-02
RENUKA.NS,Fast Moving Consumer Goods,,1090376702.41117,32.72600001335144,53.79999923706055,True,4.407035202851323,0.8487972004055115,4.196956544417192,True,True,True,True,0.9805825242718447,3,0.06666666666666667,2022-05-02
EASEMYTRIP.NS,Consumer Services,,717956503.401295,17.503797192573547,25.507299423217773,True,3.470486533178346,0.7244446673813398,3.260407874744215,True,True,True,True,0.9660194174757282,4,0.06666666666666667,2022-05-02
JBMA.NS,Automobile and Auto Components,,69557397.46439642,182.98365287780763,252.060791015625,True,2.6830767666624156,1.1027962041086559,2.4729981082282846,True,True,True,True,0.9660194174757282,5,0.06666666666666667,2022-05-02
ANGELONE.NS,Financial Services,,1433072187.0263672,120.5239075088501,179.81881713867188,True,4.5250631055034,0.5280152518784291,4.3149844470692695,True,True,True,True,0.9599514563106797,6,0.06666666666666667,2022-05-02
BLS.NS,Consumer Services,,243801861.59858295,54.09184454917908,88.87075805664062,True,3.2093488744383025,0.6914225972559775,2.9992702160041715,True,True,True,True,0.95873786407767,7,0.06666666666666667,2022-05-02
GMDCLTD.NS,Metals & Mining,,1059111641.8004704,90.63575309753418,166.6406707763672,True,2.3743528232917344,1.5399088690355196,2.1642741648576034,True,True,True,True,0.9587378640776698,8,0.06666666666666667,2022-05-02
ADANIPOWER.NS,Power,,9069196276.126373,23.96090000629425,56.06999969482422,True,2.194871916371399,1.4986630285380658,1.9847932579372678,True,True,True,True,0.9538834951456311,9,0.06666666666666667,2022-05-02
USHAMART.NS,Capital Goods,,144823544.8596142,87.31832891464234,145.59303283691406,True,2.5761514072385547,0.6846494604367355,2.3660727488044238,True,True,True,True,0.9429611650485437,10,0.06666666666666667,2022-05-02
FLUOROCHEM.NS,Chemicals,,162118061.44235432,2250.9711688232424,2794.9013671875,True,2.9353170483530535,0.5546341181545538,2.7252383899189225,True,True,True,True,0.9405339805825244,11,0.06666666666666667,2022-05-02
TRIDENT.NS,Textiles,,268108974.11874637,39.70436030864715,48.82241821289063,True,2.9550590964167616,0.3191164061502336,2.7449804379826306,True,True,True,True,0.9199029126213593,12,0.06666666666666667,2022-05-02
ADANIGREEN.NS,Power,,3005858753.6814227,1509.0905010986328,2882.800048828125,True,1.7474863462741244,1.44315451343089,1.5374076878399934,True,True,True,True,0.9162621359223301,13,0.06666666666666667,2022-05-02
DEEPAKFERT.NS,Chemicals,,404961575.3588572,448.6976123046875,646.883544921875,True,1.8867731283659968,0.6360769466536884,1.6766944699318658,True,True,True,True,0.9138349514563107,14,0.06666666666666667,2022-05-02
KPITTECH.NS,Information Technology,,959731342.0627493,454.7882541656494,542.7007446289062,True,1.8101173730694415,0.7150602587999315,1.6000387146353106,True,True,True,True,0.9101941747572815,15,0.06666666666666667,2022-05-02
ADANIPOWER.NS,Power,,9346569885.939186,28.00870003223419,64.6500015258789,True,2.256926966421152,2.1925926679446373,2.172655580363886,True,True,True,True,0.9846938775510203,1,0.06666666666666667,2022-06-01
BLS.NS,Consumer Services,,320715578.9682238,59.71816692352295,91.8073272705078,True,2.390407762676499,0.7868443269585503,2.306136376619233,True,True,True,True,0.9795918367346939,2,0.06666666666666667,2022-06-01
RENUKA.NS,Fast Moving Consumer Goods,,1206229736.4317048,34.13324999809265,46.900001525878906,True,1.7916668842709353,0.7598499886382135,1.7073954982136694,True,True,True,True,0.9540816326530612,3,0.06666666666666667,2022-06-01
FLUOROCHEM.NS,Chemicals,,136719317.6728882,2355.6020733642576,2877.983642578125,True,2.4069805954878873,0.4012412663284399,2.3227092094306214,True,True,True,True,0.9523809523809523,4,0.06666666666666667,2022-06-01
RAYMOND.NS,Textiles,,811455327.7772502,635.9151664733887,972.8668212890624,True,1.6182157393868875,0.647562448544198,1.5339443533296215,True,True,True,True,0.9472789115646258,5,0.06666666666666667,2022-06-01
BSE.NS,Financial Services,,2415478697.6414585,200.3099799346924,240.63668823242188,True,1.5308316180673756,0.49338126436174257,1.4465602320101096,True,True,True,True,0.9251700680272109,6,0.06666666666666667,2022-06-01
EASEMYTRIP.NS,Consumer Services,,838856663.5556122,18.67412726402283,23.739898681640625,True,1.605693398490267,0.4490106970174921,1.5214220124330011,True,True,True,True,0.923469387755102,7,0.06666666666666667,2022-06-01
TTML.NS,Telecommunication,,795030322.2921278,118.2199998664856,125.4000015258789,True,8.254612528465067,0.2282076728694915,8.170341142407802,True,True,True,True,0.9115646258503401,8,0.06666666666666667,2022-06-01
TATAELXSI.NS,Information Technology,,6593806762.49886,6222.989030761719,7959.49609375,True,1.3835870605863758,0.4355621542157857,1.29931567452911,True,True,True,True,0.8996598639455782,9,0.06666666666666667,2022-06-01
GMDCLTD.NS,Metals & Mining,,1129972264.3802278,100.03240554809571,138.28770446777344,True,1.1425972033631133,1.3028956435404684,1.0583258173058474,True,True,True,True,0.8945578231292517,10,0.06666666666666667,2022-06-01
SCHAEFFLER.NS,Automobile and Auto Components,,239406150.37537435,1658.3375177001953,2227.23291015625,True,1.2471303828836953,0.5413414301488728,1.1628589968264293,True,True,True,True,0.8928571428571428,11,0.06666666666666667,2022-06-01
DEEPAKFERT.NS,Chemicals,,328914879.6483917,465.17363403320314,620.9047241210938,True,1.2267858426904068,0.7667757372642399,1.1425144566331409,True,True,True,True,0.8894557823129252,12,0.06666666666666667,2022-06-01
BDL.NS,Capital Goods,,1371210126.0757654,233.92888908386232,382.2252197265625,True,1.1363234598300256,1.056362674246269,1.0520520737727597,True,True,True,True,0.8860544217687075,13,0.06666666666666667,2022-06-01
CHENNPETRO.NS,Oil Gas & Consumable Fuels,,613874145.0182949,122.76989379882812,245.3988647460937,True,1.1355352893685726,1.5638104639117567,1.0512639033113067,True,True,True,True,0.8860544217687074,14,0.06666666666666667,2022-06-01
JKPAPER.NS,Forest Materials,,731994391.7861943,238.28806991577147,314.2762756347656,True,1.2363490255039258,0.5842166367741082,1.1520776394466599,True,True,True,True,0.8860544217687074,15,0.06666666666666667,2022-06-01
BLS.NS,Consumer Services,,447163017.9881668,65.20148252487182,94.70701599121094,True,1.9761606269256675,1.0325464486708027,1.987376100189139,True,True,True,True,0.9924242424242424,1,0.06666666666666667,2022-07-01
ADANIPOWER.NS,Power,,6837850222.775809,32.04320003509522,52.56999969482422,True,1.2513918131043424,1.602475134123429,1.262607286367814,True,True,True,True,0.9595959595959596,2,0.06666666666666667,2022-07-01
CHENNPETRO.NS,Oil Gas & Consumable Fuels,,1245892933.8354185,143.6338153076172,273.6252136230469,True,1.2178220246350708,2.062500026684562,1.2290374978985423,True,True,True,True,0.9545454545454546,3,0.06666666666666667,2022-07-01
HBLENGINE.NS,Automobile and Auto Components,,638324359.9857236,65.7341757774353,93.92212677001952,True,1.21561126667077,0.5003951916902123,1.2268267399342414,True,True,True,True,0.9191919191919191,4,0.06666666666666667,2022-07-01
TATAELXSI.NS,Information Technology,,5589214000.814722,6588.630029296875,7799.06005859375,True,1.1790733865588785,0.4852627024449476,1.19028885982235,True,True,True,True,0.8914141414141414,5,0.06666666666666667,2022-07-01
MAHLIFE.NS,Realty,,109896140.38747965,301.46552047729494,399.6127624511719,True,1.060810258386784,0.7882043750166439,1.0720257316502555,True,True,True,True,0.8787878787878788,6,0.06666666666666667,2022-07-01
USHAMART.NS,Capital Goods,,128087259.01033822,98.33658267974853,116.80127716064452,True,1.1872186796933621,0.36747323180570257,1.1984341529568336,True,True,True,True,0.8686868686868687,7,0.06666666666666667,2022-07-01
RAYMOND.NS,Textiles,,1005635822.4534302,694.0654847717285,872.4382934570312,True,1.1104152116128412,0.42245859936376595,1.1216306848763127,True,True,True,True,0.8611111111111112,8,0.06666666666666667,2022-07-01
ADANIENSOL.NS,Power,,1141848197.8236146,2056.0409954833985,2473.64990234375,True,1.073643936388362,0.42433924793664124,1.0848594096518336,True,True,True,True,0.8585858585858586,9,0.06666666666666667,2022-07-01
EASEMYTRIP.NS,Consumer Services,,717858166.8650538,19.69463511943817,24.400724411010746,True,1.0371904494946085,0.4958914165603381,1.04840592275808,True,True,True,True,0.8484848484848484,10,0.06666666666666667,2022-07-01
BDL.NS,Capital Goods,,1655829753.8849437,254.91258720397948,332.27960205078125,True,0.9580728117626749,0.8030132029134984,0.9692882850261464,True,True,True,True,0.8358585858585859,11,0.06666666666666667,2022-07-01
FLUOROCHEM.NS,Chemicals,,122518306.81306966,2469.055751953125,2766.044189453125,True,1.5510175729647528,0.1695456134698683,1.5622330462282243,True,True,True,True,0.8333333333333333,12,0.06666666666666667,2022-07-01
GMDCLTD.NS,Metals & Mining,,720046865.5898254,107.33051372528077,120.58934783935548,True,0.8049843550155309,0.9049294106885313,0.8161998282790024,True,True,True,True,0.8232323232323232,13,0.06666666666666667,2022-07-01
MRPL.NS,Oil Gas & Consumable Fuels,,1690254674.1068285,53.575413646697996,87.35829162597656,True,0.76264586857433,1.0899654888711536,0.7738613418378015,True,True,True,True,0.8131313131313131,14,0.06666666666666667,2022-07-01
SCHAEFFLER.NS,Automobile and Auto Components,,211398571.37593588,1748.2478442382812,2217.454833984375,True,1.0595066156190582,0.3426712456698582,1.0707220888825297,True,True,True,True,0.8055555555555556,15,0.06666666666666667,2022-07-01
BLS.NS,Consumer Services,,451952665.13205415,70.08347612380982,118.74009704589844,True,2.551308280490226,1.1870723363173972,2.473767740533396,True,True,True,True,0.9975124378109452,1,0.06666666666666667,2022-08-01
ADANIPOWER.NS,Power,,4407421739.729011,35.99425005912781,62.790000915527344,True,2.3134563792908045,1.9716045153524422,2.2359158393339746,True,True,True,True,0.9888059701492538,2,0.06666666666666667,2022-08-01
ATGL.NS,Oil Gas & Consumable Fuels,,1185519486.7164612,2027.2646075439452,3122.91650390625,True,2.359102804798555,0.7083122100275383,2.281562264841725,True,True,True,True,0.9850746268656716,3,0.06666666666666667,2022-08-01
ADANIENSOL.NS,Power,,1099964599.4235168,2172.7164953613283,3109.60009765625,True,2.450893554440773,0.5476036540534839,2.373353014483943,True,True,True,True,0.9800995024875622,4,0.06666666666666667,2022-08-01
ELECON.NS,Capital Goods,,454828746.9875404,97.79680969238281,178.71751403808594,True,1.644176118405606,1.0783753991302802,1.5666355784487762,True,True,True,True,0.9776119402985074,5,0.06666666666666667,2022-08-01
CHENNPETRO.NS,Oil Gas & Consumable Fuels,,1139288478.1920965,157.84949897766114,240.818099975586,True,1.3125262329091845,1.565055623117471,1.2349856929523546,True,True,True,True,0.9651741293532339,6,0.06666666666666667,2022-08-01
GMDCLTD.NS,Metals & Mining,,415185619.5366278,114.43917205810547,143.36981201171875,True,1.4715573074765333,0.4525745408278816,1.3940167675197035,True,True,True,True,0.9514925373134329,7,0.06666666666666667,2022-08-01
MAHSEAMLES.NS,Capital Goods,,137067896.17165223,265.9843212127686,347.6924133300781,True,1.3792847914630317,0.3994443462131998,1.3017442515062019,True,True,True,True,0.941542288557214,8,0.06666666666666667,2022-08-01
USHAMART.NS,Capital Goods,,117033524.35072467,103.75900119781494,141.590087890625,True,1.1070961646038877,0.7430297344960859,1.0295556246470579,True,True,True,True,0.9415422885572139,9,0.06666666666666667,2022-08-01
SCHAEFFLER.NS,Automobile and Auto Components,,246370654.89115804,1848.7668084716797,2691.828369140625,True,1.1092865315033396,0.6446260084321598,1.0317459915465097,True,True,True,True,0.9390547263681592,10,0.06666666666666667,2022-08-01
BDL.NS,Capital Goods,,1009923190.6451223,272.0451232147217,395.9309997558594,True,1.0484180963031622,0.6892988901541472,0.9708775563463323,True,True,True,True,0.927860696517413,11,0.06666666666666667,2022-08-01
EASEMYTRIP.NS,Consumer Services,,558782984.0586308,20.3550333070755,26.52347755432129,True,1.0625391334940586,0.6390254487302036,0.9849985935372287,True,True,True,True,0.9253731343283582,12,0.06666666666666667,2022-08-01
LINDEINDIA.NS,Chemicals,,234161880.48555908,2904.7982397460937,3618.340576171875,True,1.1249649261682402,0.37208741899802145,1.0474243862114103,True,True,True,True,0.917910447761194,13,0.06666666666666667,2022-08-01
GNFC.NS,Chemicals,,1590059758.6925197,520.8179438781739,640.93896484375,True,0.964194943628135,0.5446182024161961,0.8866544036713051,True,True,True,True,0.9116915422885572,14,0.06666666666666667,2022-08-01
CGPOWER.NS,Capital Goods,,312233445.210553,174.72255283355713,221.4250640869141,True,1.9091497210496131,0.21293287379233838,1.8316091810927833,True,True,True,True,0.904228855721393,15,0.06666666666666667,2022-08-01
ADANIPOWER.NS,Power,,3544210087.517514,41.179050035476685,82.79000091552734,True,4.104192627638612,2.724246631594789,4.016816095200966,True,True,True,True,1.0,1,0.06666666666666667,2022-09-01
CHENNPETRO.NS,Oil Gas & Consumable Fuels,,1161855241.5725062,171.20684848785402,256.6405944824219,True,1.8377621912753046,2.089643615944497,1.7503856588376583,True,True,True,True,0.9905303030303031,2,0.06666666666666667,2022-09-01
ATGL.NS,Oil Gas & Consumable Fuels,,1395420170.850006,2221.715032348633,3739.8203125,True,2.015904257670218,1.393086588474997,1.9285277252325717,True,True,True,True,0.990530303030303,3,0.06666666666666667,2022-09-01
ADANIENSOL.NS,Power,,1479961036.1243775,2350.8887438964844,3960.699951171875,True,2.04563812517565,1.023552777992943,1.9582615927380038,True,True,True,True,0.9886363636363636,4,0.06666666666666667,2022-09-01
BLS.NS,Consumer Services,,516627691.58592427,76.12399353027344,127.58663940429688,True,1.6156560354807512,1.5741204401931963,1.528279503043105,True,True,True,True,0.9772727272727273,5,0.06666666666666667,2022-09-01
MAHSEAMLES.NS,Capital Goods,,171113027.87690327,279.76650535583497,399.0400695800781,True,1.6839380641914197,0.718461473861784,1.5965615317537734,True,True,True,True,0.96875,6,0.06666666666666667,2022-09-01
ELECON.NS,Capital Goods,,439573460.0154218,107.20131065368652,185.2059936523437,True,1.353236784847196,1.8769757392663546,1.2658602524095497,True,True,True,True,0.9668560606060607,7,0.06666666666666667,2022-09-01
APARINDS.NS,Capital Goods,,452851329.51578677,768.0364883422851,1304.698974609375,True,1.1878971132417173,1.270400686722192,1.100520580804071,True,True,True,True,0.9526515151515152,8,0.06666666666666667,2022-09-01
HSCL.NS,Chemicals,,877465092.6958877,64.44632871627807,98.0675811767578,True,1.208381822047457,0.8991353513098859,1.1210052896098106,True,True,True,True,0.9479166666666667,9,0.06666666666666667,2022-09-01
DEEPAKFERT.NS,Chemicals,,377809448.83930665,556.6541600036621,887.045166015625,True,1.2367071435865271,0.8023486149605612,1.1493306111488808,True,True,True,True,0.9469696969696969,10,0.06666666666666667,2022-09-01
BDL.NS,Capital Goods,,929948818.4582794,292.6420204925537,398.8818359375,True,1.1667748349914997,0.990022906359503,1.0793983025538534,True,True,True,True,0.9412878787878788,11,0.06666666666666667,2022-09-01
ELGIEQUIP.NS,Capital Goods,,300768845.88154143,337.68418090820313,494.3662109375,True,1.5514178422463711,0.5353076677753836,1.4640413098087248,True,True,True,True,0.9393939393939394,12,0.06666666666666667,2022-09-01
ADANIENT.NS,Metals & Mining,,4608125960.221477,2058.293018798828,3188.548828125,True,1.1660397704746446,1.0697993092954148,1.0786632380369983,True,True,True,True,0.9384469696969697,13,0.06666666666666667,2022-09-01
USHAMART.NS,Capital Goods,,125991669.8206876,108.89482444763183,139.00152587890625,True,1.1661919543515245,0.6921396140880927,1.0788154219138781,True,True,True,True,0.928030303030303,14,0.06666666666666667,2022-09-01
SCHAEFFLER.NS,Automobile and Auto Components,,297741081.53305256,1985.5442022705079,2943.58544921875,True,1.1623738013453715,0.7693262511911327,1.0749972689077252,True,True,True,True,0.9261363636363636,15,0.06666666666666667,2022-09-01
ADANIPOWER.NS,Power,,3002736020.402713,47.4930500793457,74.69999694824219,True,2.8505153823245983,1.177842525067177,2.8741969596759542,True,True,True,True,0.998,1,0.06666666666666667,2022-10-03
BLS.NS,Consumer Services,,684903022.8919433,85.23456069946289,139.298583984375,True,1.3545368290024342,1.4039885513219463,1.3782184063537903,True,True,True,True,0.994,2,0.06666666666666667,2022-10-03
ADANIENT.NS,Metals & Mining,,8100746037.512638,2260.9262817382814,3449.473876953125,True,1.257746447364426,0.7327022502492844,1.281428024715782,True,True,True,True,0.973,3,0.06666666666666667,2022-10-03
FINEORG.NS,Chemicals,,570165701.8762858,4722.3199389648435,6936.9404296875,True,1.2529770145456243,0.7135543761187384,1.2766585918969804,True,True,True,True,0.969,4,0.06666666666666667,2022-10-03
ATGL.NS,Oil Gas & Consumable Fuels,,1509763552.6777914,2430.1227752685545,3335.275390625,True,1.3541338035183226,0.5721003582117583,1.3778153808696787,True,True,True,True,0.963,5,0.06666666666666667,2022-10-03
BDL.NS,Capital Goods,,1212645860.939752,317.3842760467529,427.1506042480469,True,1.338191817856904,0.5951864517424583,1.3618733952082602,True,True,True,True,0.963,6,0.06666666666666667,2022-10-03
SCHAEFFLER.NS,Automobile and Auto Components,,600332119.8674153,2179.0156219482424,3109.906494140625,True,1.218295880301456,0.6846834342227088,1.2419774576528122,True,True,True,True,0.962,7,0.06666666666666667,2022-10-03
ELECON.NS,Capital Goods,,326976778.63057405,116.59736267089843,168.70101928710938,True,1.0594261207220441,1.371998124884012,1.0831076980734002,True,True,True,True,0.954,8,0.06666666666666667,2022-10-03
WELCORP.NS,Capital Goods,,410623726.3421623,191.38258804321288,256.3914489746094,True,1.1596159110801505,0.6660461374310804,1.1832974884315066,True,True,True,True,0.951,9,0.06666666666666667,2022-10-03
MAHSEAMLES.NS,Capital Goods,,142326120.52551678,295.68845710754397,373.3244323730469,True,1.484191149033558,0.39857644247583046,1.507872726384914,True,True,True,True,0.9500000000000001,10,0.06666666666666667,2022-10-03
APARINDS.NS,Capital Goods,,271719335.748406,830.2627404785156,1268.004150390625,True,1.030082975996041,0.9808000933622776,1.0537645533473972,True,True,True,True,0.945,11,0.06666666666666667,2022-10-03
RENUKA.NS,Fast Moving Consumer Goods,,1096173943.4584715,43.328500051498416,59.29999923706055,True,1.1524501226587902,0.658741237400295,1.1761317000101463,True,True,True,True,0.945,12,0.06666666666666667,2022-10-03
MAZDOCK.NS,Capital Goods,,775653101.9891597,139.1516049194336,237.48928833007807,True,1.0170928230101612,1.062997234840283,1.0407744003615174,True,True,True,True,0.9430000000000001,13,0.06666666666666667,2022-10-03
DEEPAKFERT.NS,Chemicals,,477130105.8384542,611.0273091125488,850.5123901367188,True,1.1414830345483846,0.6594341978515281,1.1651646118997407,True,True,True,True,0.943,14,0.06666666666666667,2022-10-03
FLUOROCHEM.NS,Chemicals,,575085884.9945883,2902.2333129882813,3934.734619140625,True,1.1940026699663364,0.3945463366608897,1.2176842473176925,True,True,True,True,0.9249999999999999,15,0.06666666666666667,2022-10-03
BLS.NS,Consumer Services,,776304961.2139709,94.91005624771118,160.01010131835938,True,2.0319578804385148,0.7670118598694324,2.0261114955049955,True,True,True,True,0.9953874538745388,1,0.06666666666666667,2022-11-01
ELECON.NS,Capital Goods,,140054501.64599407,124.43190433502197,186.06948852539065,True,1.6334651838593537,1.0974499580355208,1.6276187989258344,True,True,True,True,0.9898523985239852,2,0.06666666666666667,2022-11-01
MAZDOCK.NS,Capital Goods,,1860981999.1522675,155.32808643341065,306.2646484375,True,1.4951584215680453,1.0602120057776458,1.489312036634526,True,True,True,True,0.9861623616236161,3,0.06666666666666667,2022-11-01
APARINDS.NS,Capital Goods,,175104642.34312135,894.7929870605469,1468.6292724609375,True,1.27465481752392,1.264835899319844,1.2688084325904008,True,True,True,True,0.9723247232472325,4,0.06666666666666667,2022-11-01
SAFARI.NS,Consumer Durables,,58527067.948579915,560.0111682128907,924.1538696289062,True,1.2969954645172082,0.9906390379672978,1.2911490795836889,True,True,True,True,0.9714022140221401,5,0.06666666666666667,2022-11-01
RAYMOND.NS,Textiles,,347676403.94890136,893.4807836914063,1190.312255859375,True,1.7220844536600843,0.44495614321058485,1.716238068726565,True,True,True,True,0.9677121771217713,6,0.06666666666666667,2022-11-01
DEEPAKFERT.NS,Chemicals,,640118181.4755238,663.6690019226074,934.8038940429688,True,1.3284277082378408,0.4776050487660517,1.3225813233043215,True,True,True,True,0.9612546125461255,7,0.06666666666666667,2022-11-01
KARURVYSYA.NS,Financial Services,,621422324.6505154,44.8425806427002,83.55118560791016,True,1.1293993809097005,1.1463837074909065,1.1235529959761812,True,True,True,True,0.9603321033210332,8,0.06666666666666667,2022-11-01
ATGL.NS,Oil Gas & Consumable Fuels,,1442931452.6203816,2569.466241455078,3597.915283203125,True,1.4761623523730618,0.4060669673235091,1.4703159674395425,True,True,True,True,0.9501845018450183,9,0.06666666666666667,2022-11-01
ELGIEQUIP.NS,Capital Goods,,511878767.4293106,377.24016204833987,479.52484130859375,True,1.47734523361878,0.3734630773634835,1.4714988486852607,True,True,True,True,0.9464944649446495,10,0.06666666666666667,2022-11-01
GRSE.NS,Capital Goods,,628953782.8766787,266.8767771911621,431.398193359375,True,1.0687187721435887,0.5397061477665472,1.0628723872100694,True,True,True,True,0.9446494464944649,11,0.06666666666666667,2022-11-01
ADANIENT.NS,Metals & Mining,,9489544958.559994,2410.815833129883,3341.370361328125,True,1.1856350093737351,0.40792890244784386,1.1797886244402158,True,True,True,True,0.9345018450184502,12,0.06666666666666667,2022-11-01
HSCL.NS,Chemicals,,700346762.5489157,75.8821192932129,103.1787567138672,True,1.0312881110239864,0.46999220864822666,1.0254417260904671,True,True,True,True,0.9317343173431734,13,0.06666666666666667,2022-11-01
HAL.NS,Capital Goods,,2637048046.5220175,866.5634024047852,1206.589111328125,True,0.9782633517412465,0.5566667879321046,0.9724169668077272,True,True,True,True,0.9289667896678967,14,0.06666666666666667,2022-11-01
TIINDIA.NS,Automobile and Auto Components,,1067649431.1625203,1947.876513671875,2731.604736328125,True,0.9808782401947336,0.48430250675677744,0.9750318552612143,True,True,True,True,0.9280442804428044,15,0.06666666666666667,2022-11-01
MAZDOCK.NS,Capital Goods,,3799777441.7239823,183.22174457550048,442.2808837890625,True,2.3486942951402705,2.25151372923474,2.2961847674135965,True,True,True,True,0.9976851851851851,1,0.06666666666666667,2022-12-01
BLS.NS,Consumer Services,,754940967.5796659,107.25919687271119,183.501220703125,True,2.3936744714869227,0.9614880182390322,2.3411649437602486,True,True,True,True,0.9945987654320988,2,0.06666666666666667,2022-12-01
ELECON.NS,Capital Goods,,161935705.65057322,137.16248626708983,226.4314117431641,True,1.1767856514187813,1.3184053485429281,1.1242761236921073,True,True,True,True,0.9807098765432098,3,0.06666666666666667,2022-12-01
ADANIENT.NS,Metals & Mining,,10253005256.04652,2633.5384783935547,3910.7841796875,True,1.2231441891656334,0.8098559849883806,1.1706346614389593,True,True,True,True,0.9776234567901234,4,0.06666666666666667,2022-12-01
RVNL.NS,Construction,,1519404757.984295,33.8896600151062,71.32054901123047,True,1.166937201747388,1.3071222175714041,1.114427674020714,True,True,True,True,0.970679012345679,5,0.06666666666666667,2022-12-01
GRSE.NS,Capital Goods,,924228001.3010747,292.7017795562744,492.8956604003906,True,1.1619035164250913,0.9410452980934709,1.1093939886984172,True,True,True,True,0.9637345679012346,6,0.06666666666666667,2022-12-01
APARINDS.NS,Capital Goods,,159248299.95182088,969.9197366333008,1434.37744140625,True,1.1165522973723538,1.150084829250941,1.0640427696456798,True,True,True,True,0.9614197530864198,7,0.06666666666666667,2022-12-01
GESHIP.NS,Services,,230993512.42474774,388.52832412719727,586.8294677734375,True,1.172441869595156,0.685366809001009,1.119932341868482,True,True,True,True,0.9575617283950617,8,0.06666666666666667,2022-12-01
KARURVYSYA.NS,Financial Services,,689853425.5637134,49.27896947860718,80.45818328857422,True,0.9933912232162887,1.2632391133896035,0.9408816954896146,True,True,True,True,0.9529320987654321,9,0.06666666666666667,2022-12-01
COCHINSHIP.NS,Capital Goods,,1233117854.6456106,179.89298538208007,319.95330810546875,True,0.953073792956924,1.0820730669679421,0.9005642652302499,True,True,True,True,0.9467592592592593,10,0.06666666666666667,2022-12-01
HSCL.NS,Chemicals,,490196202.7451624,80.34525070190429,102.33384704589844,True,1.176166589939788,0.519149943931301,1.123657062213114,True,True,True,True,0.9444444444444444,11,0.06666666666666667,2022-12-01
VBL.NS,Fast Moving Consumer Goods,,2710237389.5135627,170.4246815109253,247.73329162597656,True,1.0622286810541937,0.7277029263189931,1.0097191533275196,True,True,True,True,0.9444444444444444,12,0.06666666666666667,2022-12-01
UNIONBANK.NS,Financial Services,,1100138125.8220847,38.595910215377806,74.43480682373047,True,0.881792898836494,1.2740398841340443,0.82928337110982,True,True,True,True,0.9421296296296297,13,0.06666666666666667,2022-12-01
LEMONTREE.NS,Consumer Services,,548582449.6634425,69.98750015258788,100.9000015258789,True,0.9745597757107247,0.6872910169428059,0.9220502479840507,True,True,True,True,0.9382716049382716,14,0.06666666666666667,2022-12-01
RAYMOND.NS,Textiles,,526927932.15626425,950.8973974609376,1356.3087158203125,True,1.1941860654560106,0.41562210702783453,1.1416765377293365,True,True,True,True,0.9351851851851852,15,0.06666666666666667,2022-12-01
FACT.NS,Chemicals,,863130909.404601,131.88130519866942,372.1220397949219,True,2.2422925820797297,2.850954480446853,2.18882783092044,True,True,True,True,0.9972527472527473,1,0.06666666666666667,2023-01-02
MAZDOCK.NS,Capital Goods,,4413480660.60055,215.57249046325683,386.0193481445313,True,2.174565791721701,2.2063365864802553,2.1211010405624107,True,True,True,True,0.9935897435897436,2,0.06666666666666667,2023-01-02
KARURVYSYA.NS,Financial Services,,695175961.688921,54.616324253082276,90.982421875,True,1.6370077826045133,1.6076748890722543,1.5835430314452232,True,True,True,True,0.989010989010989,3,0.06666666666666667,2023-01-02
UCOBANK.NS,Financial Services,,1623431559.783888,13.624155874252319,30.419145584106445,True,1.4513617726099812,1.8636364126062972,1.3978970214506912,True,True,True,True,0.9816849816849818,4,0.06666666666666667,2023-01-02
TITAGARH.NS,Capital Goods,,99283345.46748504,137.2811898422241,223.0701904296875,True,1.4969291234624054,1.2215600369481754,1.4434643723031153,True,True,True,True,0.9798534798534798,5,0.06666666666666667,2023-01-02
BLS.NS,Consumer Services,,615173897.3146645,121.27620203018188,162.64212036132812,True,2.5080334251570706,0.6713499548720898,2.4545686739977803,True,True,True,True,0.9606227106227107,6,0.06666666666666667,2023-01-02
GRSE.NS,Capital Goods,,981778560.769811,321.7507955169678,467.2074890136719,True,1.364610604968778,1.0971660811926682,1.311145853809488,True,True,True,True,0.9606227106227107,7,0.06666666666666667,2023-01-02
BANKBARODA.NS,Financial Services,,4422910240.392117,112.46957187652588,164.26988220214844,True,1.395637175577547,0.8358874898937938,1.342172424418257,True,True,True,True,0.956959706959707,8,0.06666666666666667,2023-01-02
APARINDS.NS,Capital Goods,,204276348.863973,1082.3439627075195,1752.2701416015625,True,1.3262065094125286,0.9315548356295551,1.2727417582532385,True,True,True,True,0.9523809523809524,9,0.06666666666666667,2023-01-02
GESHIP.NS,Services,,237966954.44028574,425.5844282531738,593.240234375,True,1.371449399043322,0.737228273448918,1.317984647884032,True,True,True,True,0.945054945054945,10,0.06666666666666667,2023-01-02
RVNL.NS,Construction,,1872730091.6944475,38.04280394554138,65.68997955322266,True,1.1362553899552825,1.2838250685386883,1.0827906387959925,True,True,True,True,0.9423076923076923,11,0.06666666666666667,2023-01-02
RAYMOND.NS,Textiles,,1170425087.6498616,1035.348590698242,1462.2998046875,True,1.3981421303141315,0.6256217031101288,1.3446773791548414,True,True,True,True,0.9386446886446886,12,0.06666666666666667,2023-01-02
INDIANB.NS,Financial Services,,698648998.5950196,175.6420230102539,258.3763122558594,True,1.1854600588990518,0.9016995963888152,1.1319953077397618,True,True,True,True,0.9368131868131868,13,0.06666666666666667,2023-01-02
HSCL.NS,Chemicals,,358415889.62118846,84.86045768737793,100.19670867919922,True,1.3680214454704336,0.6846723607545877,1.3145566943111435,True,True,True,True,0.9358974358974359,14,0.06666666666666667,2023-01-02
RHIM.NS,Capital Goods,,427525762.30760497,608.2124871826172,828.9657592773438,True,1.2930489851460911,0.743020695152347,1.239584233986801,True,True,True,True,0.9331501831501832,15,0.06666666666666667,2023-01-02
MAZDOCK.NS,Capital Goods,,3397911066.195274,242.22652294158937,386.0679931640625,True,2.028823219609493,1.8980120356140922,2.013633628342408,True,True,True,True,0.9968619246861925,1,0.06666666666666667,2023-02-01
KARURVYSYA.NS,Financial Services,,568616408.356277,59.83409990310669,86.12199401855469,True,1.4252060092060952,0.8498708487145341,1.41001641793901,True,True,True,True,0.9853556485355649,2,0.06666666666666667,2023-02-01
UCOBANK.NS,Financial Services,,1882916529.5739532,15.516661319732666,28.63262367248535,True,1.2895752598370351,1.6238937685730166,1.27438566856995,True,True,True,True,0.9853556485355648,3,0.06666666666666667,2023-02-01
RVNL.NS,Construction,,1947150189.604599,42.18408831596375,73.24553680419922,True,1.251491339600714,1.47657045759383,1.2363017483336287,True,True,True,True,0.9811715481171548,4,0.06666666666666667,2023-02-01
INDIANB.NS,Financial Services,,653458677.7784455,188.93858604431153,275.9424133300781,True,1.34697488367433,0.7144863507858465,1.3317852924072449,True,True,True,True,0.9728033472803348,5,0.06666666666666667,2023-02-01
GRSE.NS,Capital Goods,,536767926.52235156,346.7420839691162,484.0758972167969,True,1.2140444055357675,0.9739547516808023,1.1988548142686823,True,True,True,True,0.9686192468619247,6,0.06666666666666667,2023-02-01
FACT.NS,Chemicals,,1062022329.4907118,152.26803066253663,296.6211853027344,True,1.0928270105790259,1.8851187356356212,1.0776374193119407,True,True,True,True,0.9675732217573222,7,0.06666666666666667,2023-02-01
BLS.NS,Consumer Services,,384036189.50983125,132.58838542938233,180.10670471191406,True,2.483016842144556,0.5407288662123202,2.4678272508774706,True,True,True,True,0.9623430962343096,8,0.06666666666666667,2023-02-01
TITAGARH.NS,Capital Goods,,139411738.74454066,150.14114543914795,227.9086761474609,True,0.9934553020768406,0.7889584012297348,0.9782657108097554,True,True,True,True,0.9456066945606695,9,0.06666666666666667,2023-02-01
UNIONBANK.NS,Financial Services,,2323349673.2924304,46.97696829795837,71.56315612792969,True,0.9428161321291093,1.0576668988324074,0.9276265408620241,True,True,True,True,0.9414225941422594,10,0.06666666666666667,2023-02-01
APARINDS.NS,Capital Goods,,258271715.25836793,1190.4151174926758,1648.390625,True,1.0756627007531407,0.5940182951380941,1.0604731094860556,True,True,True,True,0.9330543933054394,11,0.06666666666666667,2023-02-01
DATAPATTNS.NS,Capital Goods,,224629811.82707724,1002.2334326171875,1382.4071044921875,True,0.8991810650054022,0.8460010083607878,0.883991473738317,True,True,True,True,0.9309623430962343,12,0.06666666666666667,2023-02-01
RAYMOND.NS,Textiles,,1080203682.319041,1107.306452331543,1516.88623046875,True,0.9519974765773629,0.5955655095616132,0.9368078853102777,True,True,True,True,0.9184100418410042,13,0.06666666666666667,2023-02-01
GESHIP.NS,Services,,222222186.5092865,453.8801042175293,567.2876586914062,True,1.152099239159957,0.4492164483096006,1.1369096478928717,True,True,True,True,0.9163179916317992,14,0.06666666666666667,2023-02-01
GODFRYPHLP.NS,Fast Moving Consumer Goods,,412237182.1693176,440.12556243896483,611.3111572265625,True,0.8154315054805676,0.7941708608246536,0.8002419142134825,True,True,True,True,0.9152719665271967,15,0.06666666666666667,2023-02-01
APARINDS.NS,Capital Goods,,374539527.50634766,1343.8080657958985,2247.33447265625,True,2.822152132756424,0.7357535361302696,2.8201010121889256,True,True,True,True,0.9925373134328358,1,0.06666666666666667,2023-03-01
MAZDOCK.NS,Capital Goods,,1909031870.2787404,263.49855869293214,350.1988220214844,True,2.0288251113986475,0.8514606251924519,2.026773990831149,True,True,True,True,0.9925373134328358,2,0.06666666666666667,2023-03-01
CIEINDIA.NS,Automobile and Auto Components,,499321899.39609426,276.57259468078615,405.485107421875,True,1.1854090062739324,0.5406827668230858,1.1833578857064342,True,True,True,True,0.9639303482587065,3,0.06666666666666667,2023-03-01
UCOBANK.NS,Financial Services,,1730647857.3339355,16.958673667907714,25.01129722595215,True,1.1056909485524455,1.1583334128868068,1.1036398279849473,True,True,True,True,0.9626865671641791,4,0.06666666666666667,2023-03-01
BLS.NS,Consumer Services,,383924293.1937154,141.1101220703125,153.40060424804688,True,1.9404014612417044,0.36926340506354105,1.9383503406742062,True,True,True,True,0.9564676616915424,5,0.06666666666666667,2023-03-01
FACT.NS,Chemicals,,1076234936.8322043,164.882155418396,233.3798675537109,True,1.066637052781065,0.9255756649609435,1.0645859322135667,True,True,True,True,0.9564676616915423,6,0.06666666666666667,2023-03-01
KARURVYSYA.NS,Financial Services,,455901138.40489197,64.39479192733765,81.9444351196289,True,1.1523162663920519,0.5055352555224999,1.1502651458245536,True,True,True,True,0.9539800995024876,7,0.06666666666666667,2023-03-01
RVNL.NS,Construction,,749225055.9190488,45.565138463974,55.29508209228516,True,0.9088262020587674,0.7614949346889035,0.9067750814912692,True,True,True,True,0.9378109452736318,8,0.06666666666666667,2023-03-01
KALYANKJIL.NS,Consumer Durables,,542307784.7875476,90.60325595855713,112.7332992553711,True,0.9181432919800359,0.4702456472509893,0.9160921714125376,True,True,True,True,0.9266169154228856,9,0.06666666666666667,2023-03-01
TITAGARH.NS,Capital Goods,,144744582.40306956,160.70804737091063,207.6069183349609,True,1.3290432782618065,0.26543030981249927,1.3269921576943082,True,True,True,True,0.914179104477612,10,0.06666666666666667,2023-03-01
GRSE.NS,Capital Goods,,322496361.09273124,362.68149452209474,402.6690673828125,True,0.9061947435776954,0.39620269639665673,0.9041436230101971,True,True,True,True,0.9092039800995025,11,0.06666666666666667,2023-03-01
GODFRYPHLP.NS,Fast Moving Consumer Goods,,351609596.4569397,458.24159805297853,564.3630981445312,True,0.7870830569561245,0.6048268075210139,0.7850319363886262,True,True,True,True,0.9092039800995024,12,0.06666666666666667,2023-03-01
VBL.NS,Fast Moving Consumer Goods,,1966206737.8028107,210.26199340820312,257.8428649902344,True,1.1222813042957318,0.29789454926979,1.1202301837282336,True,True,True,True,0.9079601990049752,13,0.06666666666666667,2023-03-01
TRITURBINE.NS,Capital Goods,,323297708.1442889,228.29968132019042,311.7123413085937,True,0.7817700266815706,0.6086622979189042,0.7797189061140724,True,True,True,True,0.9029850746268657,14,0.06666666666666667,2023-03-01
DATAPATTNS.NS,Capital Goods,,287145055.12081707,1060.5277334594728,1296.4349365234375,True,1.131203186010195,0.26479423742115427,1.1291520654426968,True,True,True,True,0.8980099502487562,15,0.06666666666666667,2023-03-01
APARINDS.NS,Capital Goods,,390196143.15435386,1511.0069268798827,2447.862060546875,True,2.940355726561377,1.0608829792481993,2.946759842023547,True,True,True,True,0.9962686567164178,1,0.06666666666666667,2023-04-03
TITAGARH.NS,Capital Goods,,182272628.42835185,175.01756076812745,261.7782592773437,True,1.5941672630695392,0.7777777317222843,1.600571378531709,True,True,True,True,0.9776119402985075,2,0.06666666666666667,2023-04-03
MAZDOCK.NS,Capital Goods,,996996807.4764323,284.3325142288208,322.7007751464844,True,1.7909979981929167,0.5638496913121505,1.7974021136550866,True,True,True,True,0.972636815920398,3,0.06666666666666667,2023-04-03
UCOBANK.NS,Financial Services,,485741255.80884385,18.355057306289673,23.466197967529297,True,1.1130435424802947,1.0858368764001742,1.1194476579424646,True,True,True,True,0.9651741293532339,4,0.06666666666666667,2023-04-03
FINCABLES.NS,Capital Goods,,534091814.35258585,514.5821426391601,795.3169555664062,True,1.2134334908188738,0.7746232637446597,1.2198376062810437,True,True,True,True,0.9601990049751243,5,0.06666666666666667,2023-04-03
RVNL.NS,Construction,,759614749.0117792,48.9042928981781,66.02685546875,True,1.0843336206607952,1.0662651217279961,1.090737736122965,True,True,True,True,0.9564676616915423,6,0.06666666666666667,2023-04-03
VBL.NS,Fast Moving Consumer Goods,,1880889293.4771118,222.99293312072754,274.9399108886719,True,1.2216648817028926,0.3469944583117479,1.2280689971650625,True,True,True,True,0.9303482587064676,7,0.06666666666666667,2023-04-03
INDIANB.NS,Financial Services,,364802934.81702447,212.62645309448243,261.2738342285156,True,1.0159297951239314,0.544700284062205,1.0223339105861013,True,True,True,True,0.9266169154228856,8,0.06666666666666667,2023-04-03
GRSE.NS,Capital Goods,,171458499.64887035,379.0317334747314,444.4388732910156,True,1.0667703123846937,0.4197965637572063,1.0731744278468636,True,True,True,True,0.9191542288557215,9,0.06666666666666667,2023-04-03
KARURVYSYA.NS,Financial Services,,278053489.1323029,69.0978741645813,83.8725357055664,True,1.3644451221846596,0.3017456562853904,1.3708492376468295,True,True,True,True,0.9191542288557214,10,0.06666666666666667,2023-04-03
BLS.NS,Consumer Services,,360368997.68133825,147.9334525299072,163.51548767089844,True,1.7999522896524978,0.2453177479450106,1.8063564051146677,True,True,True,True,0.9104477611940298,11,0.06666666666666667,2023-04-03
SAFARI.NS,Consumer Durables,,52447705.7700765,796.1387980651856,1019.6770629882812,True,1.2156149206108595,0.28988985696577196,1.2220190360730294,True,True,True,True,0.9067164179104479,12,0.06666666666666667,2023-04-03
AEGISLOG.NS,Oil Gas & Consumable Fuels,,276451103.9237727,294.3847046661377,367.5856323242188,True,0.9162244810623026,0.4600831813909141,0.9226285965244726,True,True,True,True,0.9042288557213931,13,0.06666666666666667,2023-04-03
ACE.NS,Capital Goods,,223947876.7850296,296.01609405517576,404.87396240234375,True,0.9140596258072451,0.5089930545129286,0.9204637412694151,True,True,True,True,0.9029850746268657,14,0.06666666666666667,2023-04-03
UNIONBANK.NS,Financial Services,,862036647.665933,53.16660581588745,60.66915512084961,True,0.8437592200684336,0.5788850076531578,0.8501633355306036,True,True,True,True,0.9029850746268657,15,0.06666666666666667,2023-04-03
RVNL.NS,Construction,,2466496842.329233,53.351411199569704,106.01107025146484,True,2.0988346154373674,1.9648036488097436,2.087832894735918,True,True,True,True,0.9971590909090908,1,0.06666666666666667,2023-05-02
APARINDS.NS,Capital Goods,,477030005.1067423,1661.9347647094726,2747.529541015625,True,3.3177426415548945,0.8960447992915788,3.306740920853445,True,True,True,True,0.9933712121212122,2,0.06666666666666667,2023-05-02
TITAGARH.NS,Capital Goods,,302469656.9900487,192.3147278213501,331.46270751953125,True,1.9428695387410322,1.0528263957907624,1.9318678180395827,True,True,True,True,0.990530303030303,3,0.06666666666666667,2023-05-02
FACT.NS,Chemicals,,348859529.48386765,192.04327629089354,341.9715576171875,True,1.5396004189560029,1.9162772801023715,1.5285986982545534,True,True,True,True,0.9876893939393939,4,0.06666666666666667,2023-05-02
UCOBANK.NS,Financial Services,,418204922.97655576,19.656562190055848,29.067184448242188,True,1.4979252629143582,1.408000028441736,1.4869235422129088,True,True,True,True,0.9839015151515151,5,0.06666666666666667,2023-05-02
FINCABLES.NS,Capital Goods,,659755631.2268443,555.1091394042969,875.8665771484375,True,1.2180429819885803,0.7097821302948004,1.2070412612871309,True,True,True,True,0.96875,6,0.06666666666666667,2023-05-02
SAFARI.NS,Consumer Durables,,63368768.49110515,851.7639897155761,1216.3577880859375,True,1.5690187681094123,0.3747671447804146,1.5580170474079629,True,True,True,True,0.9545454545454546,7,0.06666666666666667,2023-05-02
UNIONBANK.NS,Financial Services,,683105192.457372,56.01230297088623,69.14733123779297,True,0.9744484219277065,0.5527123446082682,0.9634467012262571,True,True,True,True,0.9450757575757576,8,0.06666666666666667,2023-05-02
IRCON.NS,Construction,,480133758.6869128,47.32132911682129,70.9251937866211,True,0.8000616911268952,0.8036423019699233,0.7890599704254457,True,True,True,True,0.9412878787878787,9,0.06666666666666667,2023-05-02
J&KBANK.NS,Financial Services,,211109785.49266747,40.83233522415161,55.59513854980469,True,0.8244514946388497,0.6724139573200814,0.8134497739374003,True,True,True,True,0.9403409090909091,10,0.06666666666666667,2023-05-02
VBL.NS,Fast Moving Consumer Goods,,2072909816.2967427,234.07663848876953,286.6759338378906,True,1.0912866109683161,0.40442371634632646,1.0802848902668667,True,True,True,True,0.9365530303030304,11,0.06666666666666667,2023-05-02
INDIANB.NS,Financial Services,,422469503.25033444,224.44512031555175,291.9239807128906,True,1.0795851075786715,0.37866131234457523,1.068583386877222,True,True,True,True,0.9299242424242424,12,0.06666666666666667,2023-05-02
BANKINDIA.NS,Financial Services,,871327178.2336155,61.080990867614744,74.70484161376953,True,0.7711927104022271,0.6390242832782986,0.7601909897007777,True,True,True,True,0.9270833333333334,13,0.06666666666666667,2023-05-02
NCC.NS,Construction,,589926030.1980098,79.53330152511597,116.12867736816406,True,0.7608877958838551,0.6604296088724861,0.7498860751824057,True,True,True,True,0.9223484848484849,14,0.06666666666666667,2023-05-02
CIEINDIA.NS,Automobile and Auto Components,,603720744.6273844,307.444529800415,381.2506408691406,True,1.1320500800874198,0.2680444663372661,1.1210483593859704,True,True,True,True,0.9128787878787878,15,0.06666666666666667,2023-05-02
APARINDS.NS,Capital Goods,,434333493.4447754,1847.9834173583984,2716.06298828125,True,3.591453391821946,0.8824547256703594,3.444575248877549,True,True,True,True,0.9968652037617555,1,0.06666666666666667,2023-06-01
TITAGARH.NS,Capital Goods,,345744821.96795326,215.8460871887207,351.8642883300781,True,2.4612366655361755,0.9753571396142071,2.314358522591779,True,True,True,True,0.9937304075235109,2,0.06666666666666667,2023-06-01
RVNL.NS,Construction,,4039637117.7302566,63.318332052230836,118.28292083740234,True,3.0058417528100625,0.6765693716716967,2.8589636098656657,True,True,True,True,0.9898119122257053,3,0.06666666666666667,2023-06-01
JINDALSAW.NS,Capital Goods,,530971522.328921,57.33278831481934,117.02776336669922,True,1.9366048037097667,1.6406079209132653,1.7897266607653701,True,True,True,True,0.9882445141065831,4,0.06666666666666667,2023-06-01
SAFARI.NS,Consumer Durables,,74078079.98882039,931.0423123168945,1351.8680419921875,True,2.0184436546775473,0.5976889240131735,1.8715655117331507,True,True,True,True,0.9804075235109717,5,0.06666666666666667,2023-06-01
FACT.NS,Chemicals,,357369592.0554548,214.93822563171386,299.5614624023437,True,1.4767201069457387,1.109122927907472,1.3298419640013421,True,True,True,True,0.9733542319749217,6,0.06666666666666667,2023-06-01
JSL.NS,Metals & Mining,,385309437.5133685,211.56085147857667,289.7823791503906,True,1.6033705319888676,0.6692242271593272,1.456492389044471,True,True,True,True,0.9725705329153604,7,0.06666666666666667,2023-06-01
RKFORGE.NS,Automobile and Auto Components,,195516109.0948166,254.53073623657227,385.3655700683594,True,1.482026833659614,0.765124596448185,1.3351486907152175,True,True,True,True,0.9717868338557993,8,0.06666666666666667,2023-06-01
CIEINDIA.NS,Automobile and Auto Components,,716590668.7966578,327.1736298370361,434.3561401367188,True,1.6916466466565856,0.559999899163794,1.544768503712189,True,True,True,True,0.9702194357366771,9,0.06666666666666667,2023-06-01
ACE.NS,Capital Goods,,199927039.19947356,338.0716037750244,469.64984130859375,True,1.5229228061478093,0.43595983731589905,1.3760446632034127,True,True,True,True,0.9584639498432601,10,0.06666666666666667,2023-06-01
VBL.NS,Fast Moving Consumer Goods,,2156668547.1408615,248.96500717163087,336.1182861328125,True,1.3974414634637435,0.47196406319412265,1.250563320519347,True,True,True,True,0.9529780564263323,11,0.06666666666666667,2023-06-01
JWL.NS,Capital Goods,,76743954.5550373,90.35902128219604,130.35438537597656,True,1.3425512731851539,0.6463950139288919,1.1956731302407573,True,True,True,True,0.9506269592476488,12,0.06666666666666667,2023-06-01
SCHNEIDER.NS,Capital Goods,,181461181.64130655,167.69224983215332,246.9499969482422,True,1.3665548688003675,0.4800718484543034,1.2196767258559709,True,True,True,True,0.9490595611285266,13,0.06666666666666667,2023-06-01
CGPOWER.NS,Capital Goods,,658744553.2423553,278.8726596069336,390.0711669921875,True,1.3808955415156472,0.40448707059195055,1.2340173985712506,True,True,True,True,0.9427899686520377,14,0.06666666666666667,2023-06-01
KPITTECH.NS,Information Technology,,2057127724.0891387,732.2036697387696,1047.019775390625,True,1.340700430613225,0.48248012492177916,1.1938222876688285,True,True,True,True,0.9427899686520376,15,0.06666666666666667,2023-06-01
TITAGARH.NS,Capital Goods,,426038068.57108563,245.63084403991698,502.6062622070313,True,4.317150142950009,1.6042905624088242,4.057927508030358,True,True,True,True,0.9986449864498645,1,0.06666666666666667,2023-07-03
APARINDS.NS,Capital Goods,,438289975.5896688,2031.616806640625,3391.03515625,True,2.821965761524617,1.0960103508174401,2.562743126604966,True,True,True,True,0.9898373983739838,2,0.06666666666666667,2023-07-03
RVNL.NS,Construction,,4377400256.612351,72.80602988243103,120.1557388305664,True,3.1774208233342742,0.9597857644921339,2.918198188414623,True,True,True,True,0.9898373983739837,3,0.06666666666666667,2023-07-03
JINDALSAW.NS,Capital Goods,,548528297.9477003,65.4237851524353,124.71434783935548,True,2.4312935614123026,1.744031691760398,2.172070926492651,True,True,True,True,0.989159891598916,4,0.06666666666666667,2023-07-03
JBMA.NS,Automobile and Auto Components,,842658928.8135365,295.61558723449707,666.6229248046875,True,2.3215904749414094,1.8283631847820825,2.062367840021758,True,True,True,True,0.9857723577235773,5,0.06666666666666667,2023-07-03
FACT.NS,Chemicals,,955463714.7340521,241.33985332489013,432.9712524414063,True,3.5273582101435395,0.6251403481160196,3.268135575223888,True,True,True,True,0.9796747967479675,6,0.06666666666666667,2023-07-03
JWL.NS,Capital Goods,,148472270.83231163,98.38827556610107,172.54830932617188,True,2.248598468596489,0.9761228719518802,1.989375833676838,True,True,True,True,0.9789972899728997,7,0.06666666666666667,2023-07-03
SAFARI.NS,Consumer Durables,,88005374.8482015,1007.9002996826172,1478.8890380859375,True,2.2697537778089654,0.7819126087536858,2.010531142889314,True,True,True,True,0.975609756097561,8,0.06666666666666667,2023-07-03
MAZDOCK.NS,Capital Goods,,3407850540.7125287,370.2249164581299,606.6122436523438,True,4.2815545795451735,0.5499596553723543,4.022331944625522,True,True,True,True,0.9722222222222222,9,0.06666666666666667,2023-07-03
DATAPATTNS.NS,Capital Goods,,425797106.2238139,1390.1002542114259,1854.6593017578125,True,1.919505427461862,0.7928123105736777,1.6602827925422108,True,True,True,True,0.9701897018970189,10,0.06666666666666667,2023-07-03
RKFORGE.NS,Automobile and Auto Components,,282524607.8636063,278.0596095275879,441.3962707519531,True,1.9310780841737354,0.7584394906975305,1.6718554492540842,True,True,True,True,0.9701897018970189,11,0.06666666666666667,2023-07-03
SCHNEIDER.NS,Capital Goods,,245701039.9007716,180.43849983215333,260.45001220703125,True,1.7329486239951097,0.7651643972902542,1.4737259890754586,True,True,True,True,0.9627371273712737,12,0.06666666666666667,2023-07-03
JSL.NS,Metals & Mining,,226568417.06982702,231.7296350479126,326.0483703613281,True,2.329148146108305,0.5196296434053309,2.0699255111886536,True,True,True,True,0.9600271002710027,13,0.06666666666666667,2023-07-03
USHAMART.NS,Capital Goods,,247130719.9727206,179.69169395446778,264.1321716308594,True,1.560650064562969,0.6018956416178307,1.301427429643318,True,True,True,True,0.9444444444444444,14,0.06666666666666667,2023-07-03
CIEINDIA.NS,Automobile and Auto Components,,652588519.9760513,350.1496002960205,495.4997253417969,True,1.4657852438033925,0.6540867105704435,1.2065626088837413,True,True,True,True,0.943089430894309,15,0.06666666666666667,2023-07-03
MAZDOCK.NS,Capital Goods,,5288083917.713178,431.23641479492187,923.2536010742188,True,6.002209109855681,1.501318449252664,5.806913322933498,True,True,True,True,0.9975062344139651,1,0.06666666666666667,2023-08-01
TITAGARH.NS,Capital Goods,,487614377.234079,289.8181436920166,650.7543334960938,True,3.968012182906212,1.9231456754508964,3.7727163959840295,True,True,True,True,0.9975062344139651,2,0.06666666666666667,2023-08-01
JINDALSAW.NS,Capital Goods,,681032607.2601287,77.85809846878051,158.0738525390625,True,3.006793293807637,1.9554608728435618,2.8114975068854546,True,True,True,True,0.9925187032418952,3,0.06666666666666667,2023-08-01
JAIBALAJI.NS,Metals & Mining,,71715623.77966125,12.16524995803833,31.38999938964844,True,2.75029866413812,1.8930873996334725,2.555002877215937,True,True,True,True,0.9875311720698254,4,0.06666666666666667,2023-08-01
APARINDS.NS,Capital Goods,,385621904.02802736,2268.1297821044923,3696.1748046875,True,2.906829556904996,1.337566636797694,2.7115337699828137,True,True,True,True,0.9869077306733167,5,0.06666666666666667,2023-08-01
JBMA.NS,Automobile and Auto Components,,1026658351.415977,348.26592628479005,698.7265625,True,2.154816209502132,1.7014554148814969,1.9595204225799494,True,True,True,True,0.9775561097256859,6,0.06666666666666667,2023-08-01
RKFORGE.NS,Automobile and Auto Components,,311893445.3979334,308.24623107910156,558.66845703125,True,2.1847472675403194,1.0630265908221115,1.989451480618137,True,True,True,True,0.9775561097256857,7,0.06666666666666667,2023-08-01
ACE.NS,Capital Goods,,350415954.76405996,396.0613377380371,717.9572143554688,True,2.1771441921896293,1.1638923904660423,1.9818484052674468,True,True,True,True,0.9763092269326683,8,0.06666666666666667,2023-08-01
JWL.NS,Capital Goods,,249691032.1082812,110.57239017486572,203.92071533203125,True,2.455003977127268,0.8571427777345444,2.2597081902050853,True,True,True,True,0.9756857855361596,9,0.06666666666666667,2023-08-01
RVNL.NS,Construction,,2837944155.742508,82.17211071014404,122.32424926757812,True,3.1360147689716937,0.6844450407141425,2.9407189820495114,True,True,True,True,0.972568578553616,10,0.06666666666666667,2023-08-01
SUZLON.NS,Capital Goods,,3235994891.851012,10.336249992847442,18.950000762939453,True,2.1034428579170803,0.9637307266366093,1.9081470709948978,True,True,True,True,0.970074812967581,11,0.06666666666666667,2023-08-01
UJJIVANSFB.NS,Financial Services,,598779428.5425308,28.916615257263185,46.60608673095703,True,1.961004014348775,0.786085991281624,1.7657082274265925,True,True,True,True,0.9625935162094764,12,0.06666666666666667,2023-08-01
INOXWIND.NS,Capital Goods,,317040738.08824044,31.36287498474121,52.88750076293945,True,1.6085081015046265,0.9985829579721619,1.413212314582444,True,True,True,True,0.9600997506234414,13,0.06666666666666667,2023-08-01
FINCABLES.NS,Capital Goods,,424669701.6434519,689.4877511596679,1036.1337890625,True,1.5972035720083033,0.9548518996108033,1.4019077850861208,True,True,True,True,0.956359102244389,14,0.06666666666666667,2023-08-01
NCC.NS,Construction,,730297604.7805866,97.74801288604736,153.83656311035156,True,1.79959346630373,0.7259380064366809,1.6042976793815475,True,True,True,True,0.9563591022443889,15,0.06666666666666667,2023-08-01
JAIBALAJI.NS,Metals & Mining,,97412429.89130855,16.05384992599487,54.06999969482422,True,4.638164633421123,4.189059433678542,4.520339333090558,True,True,True,True,0.9982057416267942,1,0.06666666666666667,2023-09-01
TITAGARH.NS,Capital Goods,,869485135.7376567,348.6060153198242,811.4227905273438,True,4.208773891935488,2.7795076293561958,4.090948591604922,True,True,True,True,0.9958133971291866,2,0.06666666666666667,2023-09-01
MAZDOCK.NS,Capital Goods,,5277102581.276035,494.306925201416,899.8681030273438,True,4.976224108013903,1.5857630299336614,4.858398807683338,True,True,True,True,0.9952153110047847,3,0.06666666666666667,2023-09-01
JWL.NS,Capital Goods,,378313099.97426605,132.37870391845703,340.8772277832031,True,4.064159069108358,2.644904658649085,3.946333768777793,True,True,True,True,0.993421052631579,4,0.06666666666666667,2023-09-01
RKFORGE.NS,Automobile and Auto Components,,372527296.9147985,350.31711639404296,708.000732421875,True,2.8989725768399386,1.7511241775005124,2.7811472765093734,True,True,True,True,0.9868421052631579,5,0.06666666666666667,2023-09-01
JINDALSAW.NS,Capital Goods,,438256179.48944247,91.06496139526367,170.67201232910156,True,3.2401593988878687,1.251223009361813,3.1223340985573036,True,True,True,True,0.9844497607655502,6,0.06666666666666667,2023-09-01
JBMA.NS,Automobile and Auto Components,,1154291525.6638134,403.337405090332,755.7552490234375,True,2.7531574066152604,1.6709833092313482,2.6353321062846953,True,True,True,True,0.9826555023923444,7,0.06666666666666667,2023-09-01
RVNL.NS,Construction,,2831970272.0071535,91.42030717849731,129.17478942871094,True,3.2845835118977353,1.1269237688080622,3.16675821156717,True,True,True,True,0.9808612440191387,8,0.06666666666666667,2023-09-01
APARINDS.NS,Capital Goods,,530605118.9594808,2591.191885986328,4948.55712890625,True,2.833936863799776,1.2331870491327175,2.716111563469211,True,True,True,True,0.9802631578947368,9,0.06666666666666667,2023-09-01
SUZLON.NS,Capital Goods,,3791572716.322151,11.737000002861024,24.549999237060547,True,2.164105037184706,1.922619089518006,2.046279736854141,True,True,True,True,0.9766746411483254,10,0.06666666666666667,2023-09-01
HBLENGINE.NS,Automobile and Auto Components,,1038475141.6520724,128.56862350463868,266.466796875,True,2.388812582206489,1.57712625074387,2.270987281875924,True,True,True,True,0.9748803827751197,11,0.06666666666666667,2023-09-01
FACT.NS,Chemicals,,1141621140.0503526,316.76495666503905,462.1250305175781,True,2.7240963179854987,1.0067084584247987,2.6062710176549335,True,True,True,True,0.9706937799043063,12,0.06666666666666667,2023-09-01
KALYANKJIL.NS,Consumer Durables,,1432119371.4186766,128.05359394073486,250.5038299560547,True,2.098660133510063,1.1302472703359423,1.980834833179498,True,True,True,True,0.9659090909090909,13,0.06666666666666667,2023-09-01
ACE.NS,Capital Goods,,352008831.3201131,446.9912809753418,762.263427734375,True,2.066616378664726,1.127107768154913,1.9487910783341609,True,True,True,True,0.9635167464114833,14,0.06666666666666667,2023-09-01
IRCON.NS,Construction,,1463315094.3964045,67.76149946212769,108.82196044921876,True,1.9859932572106493,1.1839080706156482,1.8681679568800842,True,True,True,True,0.9623205741626795,15,0.06666666666666667,2023-09-01
JAIBALAJI.NS,Metals & Mining,,164628292.7751619,22.582949867248534,87.26000213623047,True,9.205847975394088,8.826576690503154,9.078212848924702,True,True,True,True,1.0,1,0.06666666666666667,2023-10-03
TITAGARH.NS,Capital Goods,,1082946582.1217139,408.7271102905273,778.24951171875,True,4.188545950855906,2.175648094624592,4.06091082438652,True,True,True,True,0.9953379953379953,2,0.06666666666666667,2023-10-03
MAZDOCK.NS,Capital Goods,,5810002444.470402,555.6660159301758,1070.2640380859375,True,3.9693207208250136,2.523288138593496,3.8416855943556274,True,True,True,True,0.9947552447552448,3,0.06666666666666667,2023-10-03
JWL.NS,Capital Goods,,506698013.5843671,158.4370857620239,325.3281555175781,True,3.443229103604044,2.6551939323046896,3.315593977134658,True,True,True,True,0.9906759906759907,4,0.06666666666666667,2023-10-03
RVNL.NS,Construction,,6046197137.2355,101.03915277481079,167.3897705078125,True,3.940714431766695,1.615235396803922,3.813079305297309,True,True,True,True,0.9877622377622377,5,0.06666666666666667,2023-10-03
FACT.NS,Chemicals,,872456590.4885514,354.6043634796143,537.75244140625,True,3.7161447674686636,1.6983093869115762,3.5885096409992774,True,True,True,True,0.9871794871794871,6,0.06666666666666667,2023-10-03
IRCON.NS,Construction,,2435093082.6150675,75.58045654296875,139.58082580566406,True,2.794828182904983,1.7641295890324034,2.667193056435597,True,True,True,True,0.9807692307692308,7,0.06666666666666667,2023-10-03
IRFC.NS,Financial Services,,7083054591.107482,35.57886945724487,73.1563491821289,True,2.7360314974128794,1.981283244556816,2.608396370943493,True,True,True,True,0.9807692307692308,8,0.06666666666666667,2023-10-03
APARINDS.NS,Capital Goods,,857323120.7834147,2953.5394940185547,5412.046875,True,3.210083064067291,1.4178798652786457,3.082447937597905,True,True,True,True,0.979020979020979,9,0.06666666666666667,2023-10-03
JINDALSAW.NS,Capital Goods,,439554410.70278776,104.0911759185791,168.9175262451172,True,2.946421158321832,1.488721183317205,2.818786031852446,True,True,True,True,0.9784382284382285,10,0.06666666666666667,2023-10-03
SUZLON.NS,Capital Goods,,3527964870.7647405,13.313999981880189,25.799999237060547,True,2.08769503777605,2.5833333222954358,1.9600599113066637,True,True,True,True,0.9708624708624709,11,0.06666666666666667,2023-10-03
RECLTD.NS,Financial Services,,4853582213.162463,134.00962966918945,256.055908203125,True,2.188192375471091,1.600338475653981,2.060557249001705,True,True,True,True,0.9662004662004662,12,0.06666666666666667,2023-10-03
RKFORGE.NS,Automobile and Auto Components,,404878986.3880717,395.3778998565674,638.9674072265625,True,2.465400381186554,1.3345243995377265,2.337765254717168,True,True,True,True,0.9644522144522145,13,0.06666666666666667,2023-10-03
HBLENGINE.NS,Automobile and Auto Components,,846690232.4570427,143.83336826324464,265.6825256347656,True,1.8733019166985567,1.9428812036022545,1.7456667902291705,True,True,True,True,0.9638694638694638,14,0.06666666666666667,2023-10-03
JBMA.NS,Automobile and Auto Components,,566033574.2559448,454.7705255126953,684.4739990234375,True,2.545209200252524,1.1900620738349672,2.417574073783138,True,True,True,True,0.9632867132867133,15,0.06666666666666667,2023-10-03
JAIBALAJI.NS,Metals & Mining,,203631578.85271993,32.53099988937378,113.62999725341795,True,11.956669478030257,8.500835860450655,11.842617996150993,True,True,True,True,1.0,1,0.06666666666666667,2023-11-01
JINDALSAW.NS,Capital Goods,,416423911.5229665,117.31074794769287,215.84988403320312,True,4.596582216431932,1.7426849619122642,4.482530734552668,True,True,True,True,0.9920634920634921,2,0.06666666666666667,2023-11-01
JWL.NS,Capital Goods,,482630266.5007746,179.7905897140503,310.7641906738281,True,3.105160687637487,1.97687620560519,2.9911092057582236,True,True,True,True,0.9880952380952381,3,0.06666666666666667,2023-11-01
FACT.NS,Chemicals,,1283283373.9894257,387.95693405151366,755.0004272460938,True,5.438519647034835,1.2077871987566353,5.324468165155571,True,True,True,True,0.988095238095238,4,0.06666666666666667,2023-11-01
TITAGARH.NS,Capital Goods,,1285777516.7453654,464.8500924682617,760.3306274414062,True,3.7089061488098176,1.2938647702822021,3.594854666930554,True,True,True,True,0.9861111111111112,5,0.06666666666666667,2023-11-01
SUZLON.NS,Capital Goods,,3723731625.4248343,15.22849997997284,30.600000381469727,True,2.477272695253704,2.6867469491901868,2.36322121337444,True,True,True,True,0.9834656084656084,6,0.06666666666666667,2023-11-01
IRFC.NS,Financial Services,,7551762743.582067,39.62356320381164,69.38146209716797,True,2.4940394310350706,1.3064851552133945,2.379987949155807,True,True,True,True,0.9788359788359788,7,0.06666666666666667,2023-11-01
BSE.NS,Financial Services,,3226920749.346452,246.40725074768068,615.6538696289062,True,2.2053964594970004,2.614576382941364,2.0913449776177364,True,True,True,True,0.9748677248677249,8,0.06666666666666667,2023-11-01
RECLTD.NS,Financial Services,,5063912167.529883,149.8158422088623,256.234130859375,True,2.414565854524459,1.2654344438160776,2.3005143726451953,True,True,True,True,0.9735449735449735,9,0.06666666666666667,2023-11-01
MAZDOCK.NS,Capital Goods,,4540996692.855056,617.3004246520997,960.2206420898438,True,2.119819905306315,1.6156113655549418,2.0057684234270514,True,True,True,True,0.9689153439153438,10,0.06666666666666667,2023-11-01
APARINDS.NS,Capital Goods,,954916699.4697876,3307.491502685547,5117.51220703125,True,2.5315479817793123,0.8625867822842626,2.4174964999000483,True,True,True,True,0.96494708994709,11,0.06666666666666667,2023-11-01
KALYANKJIL.NS,Consumer Durables,,1157503003.6663144,155.82557106018066,287.2138977050781,True,1.8097951466421578,1.819371059404006,1.695743664762894,True,True,True,True,0.958994708994709,12,0.06666666666666667,2023-11-01
IRCON.NS,Construction,,2784981951.664891,83.90491716384888,133.7027130126953,True,2.40008755990641,0.8851229848583959,2.2860360780271467,True,True,True,True,0.9583333333333333,13,0.06666666666666667,2023-11-01
ACE.NS,Capital Goods,,228337241.8695872,524.7864581298828,830.0113525390625,True,1.8430977205302805,0.998717484423447,1.7290462386510168,True,True,True,True,0.9497354497354498,14,0.06666666666666667,2023-11-01
ANANDRATHI.NS,Financial Services,,177937886.36550495,263.77348777771,471.614990234375,True,1.7438657594001303,1.235001356211205,1.6298142775208666,True,True,True,True,0.949074074074074,15,0.06666666666666667,2023-11-01
JAIBALAJI.NS,Metals & Mining,,192123173.09058285,43.23874992370605,118.43000030517578,True,13.460318238457484,6.283517751421332,13.300492278529518,True,True,True,True,1.0,1,0.06666666666666667,2023-12-01
TITAGARH.NS,Capital Goods,,1637017484.175414,530.3955618286133,970.3662109375,True,4.645217258226893,1.7291553066160104,4.485391298298927,True,True,True,True,0.9946933962264151,2,0.06666666666666667,2023-12-01
SUZLON.NS,Capital Goods,,4200426760.985848,18.086749958992005,40.75,True,4.158227785832033,2.9371979225196307,3.9984018259040672,True,True,True,True,0.9935141509433962,3,0.06666666666666667,2023-12-01
BSE.NS,Financial Services,,4120077592.3412275,299.945632019043,818.5421142578125,True,3.5022492792235083,3.635548060649974,3.342423319295542,True,True,True,True,0.9905660377358491,4,0.06666666666666667,2023-12-01
JINDALSAW.NS,Capital Goods,,511866536.2818568,134.50910762786864,226.44985961914065,True,4.217231791973304,1.4313839273865647,4.057405832045338,True,True,True,True,0.9876179245283019,5,0.06666666666666667,2023-12-01
JWL.NS,Capital Goods,,399755753.9035858,201.30657764434815,345.80718994140625,True,3.2975409405513174,1.7286777240217295,3.1377149806233513,True,True,True,True,0.9852594339622641,6,0.06666666666666667,2023-12-01
FACT.NS,Chemicals,,1386578938.4816585,428.74941192626954,708.065673828125,True,3.9940396057398777,1.3426289398259104,3.8342136458119116,True,True,True,True,0.9817216981132075,7,0.06666666666666667,2023-12-01
RECLTD.NS,Financial Services,,4506666170.240621,168.97603687286377,314.04522705078125,True,2.7857671100198833,1.7009353741942972,2.625941150091917,True,True,True,True,0.9811320754716981,8,0.06666666666666667,2023-12-01
ANANDRATHI.NS,Financial Services,,178960818.78124186,299.1018391418457,641.1799926757812,True,2.7132419912167847,2.0274270066576867,2.5534160312888186,True,True,True,True,0.9793632075471698,9,0.06666666666666667,2023-12-01
HBLENGINE.NS,Automobile and Auto Components,,523753005.10752183,184.37711547851563,358.2085876464844,True,2.313155157330907,2.4151708101269085,2.153329197402941,True,True,True,True,0.9734669811320754,10,0.06666666666666667,2023-12-01
KALYANKJIL.NS,Consumer Durables,,1094234006.7445784,176.44463706970214,323.426513671875,True,2.3035105199642962,2.084734855116535,2.14368456003633,True,True,True,True,0.9711084905660378,11,0.06666666666666667,2023-12-01
PFC.NS,Financial Services,,4497257754.980374,165.07034732818605,304.8546447753906,True,2.644918880345625,1.491738077678077,2.485092920417659,True,True,True,True,0.9711084905660378,12,0.06666666666666667,2023-12-01
APARINDS.NS,Capital Goods,,863500454.9073486,3673.5613305664065,5514.6552734375,True,2.842539107500461,1.0397798109729326,2.682713147572495,True,True,True,True,0.9687500000000001,13,0.06666666666666667,2023-12-01
GMDCLTD.NS,Metals & Mining,,3244719918.8890567,199.28472297668458,393.5946350097656,True,2.010055683645756,1.5808239588855,1.8502297237177898,True,True,True,True,0.9640330188679246,14,0.06666666666666667,2023-12-01
RKFORGE.NS,Automobile and Auto Components,,456461261.59530133,479.30887069702146,795.7911987304688,True,2.6657962741746895,1.0647631176645205,2.5059703142467233,True,True,True,True,0.9634433962264151,15,0.06666666666666667,2023-12-01
JAIBALAJI.NS,Metals & Mining,,169295059.984876,56.36995003223419,152.02999877929688,True,11.764903503532038,8.6282456710947,11.529438134529016,True,True,True,True,1.0,1,0.06666666666666667,2024-01-02
INOXWIND.NS,Capital Goods,,1048869210.8206413,49.1624999332428,131.08749389648438,True,3.786398548416324,2.389463386746987,3.5509331794133034,True,True,True,True,0.9954648526077098,2,0.06666666666666667,2024-01-02
HBLENGINE.NS,Automobile and Auto Components,,697038795.1621984,218.5988304901123,433.7623596191406,True,3.563536624696929,1.7732037983664788,3.3280712556939083,True,True,True,True,0.9909297052154196,3,0.06666666666666667,2024-01-02
BSE.NS,Financial Services,,3673646794.534364,365.7106219482422,728.0280151367188,True,3.068168013001209,2.722604141455706,2.8327026439981884,True,True,True,True,0.9892290249433107,4,0.06666666666666667,2024-01-02
RECLTD.NS,Financial Services,,4704594785.176511,197.58049446105957,382.6272888183594,True,3.0836115766367795,1.7767176107163554,2.848146207633759,True,True,True,True,0.9880952380952381,5,0.06666666666666667,2024-01-02
ANANDRATHI.NS,Financial Services,,176413318.40371093,345.3899035644531,634.2382202148438,True,2.875986156071965,1.9694327024947542,2.6405207870689438,True,True,True,True,0.985827664399093,6,0.06666666666666667,2024-01-02
SUZLON.NS,Capital Goods,,3627201591.313497,21.188999977111816,38.5,True,2.869346807841139,1.7304963800282476,2.6338814388381184,True,True,True,True,0.981859410430839,7,0.06666666666666667,2024-01-02
TITAGARH.NS,Capital Goods,,1830358446.3297515,615.0098912048339,1039.995361328125,True,4.387418458121811,1.0630626289316978,4.15195308911879,True,True,True,True,0.9812925170068028,8,0.06666666666666667,2024-01-02
PFC.NS,Financial Services,,5097299899.590481,191.6412889099121,359.6083374023437,True,2.8234042915628024,1.4096181497302438,2.5879389225597818,True,True,True,True,0.9761904761904763,9,0.06666666666666667,2024-01-02
HSCL.NS,Chemicals,,565788850.0641721,180.99039733886718,330.0430603027344,True,2.751754290184934,1.4983037750548496,2.5162889211819133,True,True,True,True,0.971655328798186,10,0.06666666666666667,2024-01-02
IRFC.NS,Financial Services,,6690110239.586986,49.91296876907349,96.98912811279295,True,2.275850382010053,2.1305909647931736,2.0403850130070325,True,True,True,True,0.9693877551020408,11,0.06666666666666667,2024-01-02
GMDCLTD.NS,Metals & Mining,,3057427836.2814155,227.48083911895753,413.8194274902344,True,2.2905765749894016,1.713439153185051,2.055111205986381,True,True,True,True,0.9693877551020407,12,0.06666666666666667,2024-01-02
NLCINDIA.NS,Power,,936698603.3998331,117.70155796051026,240.78689575195312,True,2.05492785926456,1.5066963484369573,1.8194624902615393,True,True,True,True,0.9586167800453514,13,0.06666666666666667,2024-01-02
CHENNPETRO.NS,Oil Gas & Consumable Fuels,,1220405451.399151,404.07105522155763,662.328369140625,True,2.7235166745386645,0.9356546969145902,2.4880513055356435,True,True,True,True,0.9580498866213152,14,0.06666666666666667,2024-01-02
KALYANKJIL.NS,Consumer Durables,,1082251166.5039127,199.05100883483885,360.43499755859375,True,1.962624401013576,1.6787018561048153,1.7271590320105552,True,True,True,True,0.9563492063492063,15,0.06666666666666667,2024-01-02
JAIBALAJI.NS,Metals & Mining,,152271860.44206238,74.64510001182556,220.07000732421875,True,19.282949270680884,7.111685003015692,19.00261486020229,True,True,True,True,1.0,1,0.06666666666666667,2024-02-01
HBLENGINE.NS,Automobile and Auto Components,,779288708.0369761,255.6374602127075,534.7993774414062,True,4.472064162298014,2.226484029698453,4.191729751819418,True,True,True,True,0.9963235294117647,2,0.06666666666666667,2024-02-01
IRFC.NS,Financial Services,,12290386142.382212,60.189025983810424,169.1996307373047,True,4.387246117066688,4.066304261290073,4.106911706588092,True,True,True,True,0.9957107843137255,3,0.06666666666666667,2024-02-01
IFCI.NS,Financial Services,,1428377691.3799307,19.490249948501585,61.04999923706055,True,3.573033520043947,3.8260870417444,3.2926991095653513,True,True,True,True,0.9895833333333334,4,0.06666666666666667,2024-02-01
BSE.NS,Financial Services,,2942513428.2355013,425.43938735961916,767.8654174804688,True,3.5351149301345863,2.066076199897421,3.2547805196559905,True,True,True,True,0.9859068627450981,5,0.06666666666666667,2024-02-01
SUZLON.NS,Capital Goods,,3304175429.073835,24.613249955177306,45.95000076293945,True,3.761658298380098,1.5457065210614624,3.4813238879015023,True,True,True,True,0.9834558823529412,6,0.06666666666666667,2024-02-01
RECLTD.NS,Financial Services,,5649422612.267617,227.52248149871826,449.4530029296875,True,3.3677975204908126,1.946180708193165,3.0874631100122167,True,True,True,True,0.9791666666666666,7,0.06666666666666667,2024-02-01
IRCON.NS,Construction,,5110852888.4810505,120.12633567810059,228.7159423828125,True,3.0872550188528445,1.4751948833969242,2.8069206083742486,True,True,True,True,0.9699754901960784,8,0.06666666666666667,2024-02-01
RVNL.NS,Construction,,6302983425.416204,147.66467502593994,304.502197265625,True,3.0980440918719276,1.3010993375009252,2.8177096813933318,True,True,True,True,0.9693627450980392,9,0.06666666666666667,2024-02-01
INOXWIND.NS,Capital Goods,,1037487099.7629458,58.36781235694885,119.5,True,3.411629042285294,1.2494117647058824,3.131294631806698,True,True,True,True,0.9681372549019608,10,0.06666666666666667,2024-02-01
HSCL.NS,Chemicals,,573587835.0552465,209.2655237197876,372.8171997070313,True,2.964714243987928,1.7058184467596726,2.6843798335093325,True,True,True,True,0.9675245098039216,11,0.06666666666666667,2024-02-01
SJVN.NS,Power,,3474111041.17572,60.636186819076535,125.9554214477539,True,3.053314002877472,1.287807894982635,2.772979592398876,True,True,True,True,0.9644607843137255,12,0.06666666666666667,2024-02-01
PFC.NS,Financial Services,,6088695574.765578,217.79570110321046,403.4840698242188,True,2.8723342469135646,1.3153947598503346,2.591999836434969,True,True,True,True,0.9613970588235294,13,0.06666666666666667,2024-02-01
COCHINSHIP.NS,Capital Goods,,4063392469.220915,442.52434829711916,896.895263671875,True,2.7630897796894183,1.7061854915425787,2.482755369210823,True,True,True,True,0.9607843137254902,14,0.06666666666666667,2024-02-01
CHENNPETRO.NS,Oil Gas & Consumable Fuels,,1121916196.070878,457.0729656982422,803.164306640625,True,2.9733257544790916,1.251518730626079,2.692991344000496,True,True,True,True,0.9595588235294118,15,0.06666666666666667,2024-02-01
JAIBALAJI.NS,Metals & Mining,,162881164.87728372,96.04129998683929,256.510009765625,True,23.199056654190322,4.764269882373595,22.867156378645447,True,True,True,True,1.0,1,0.06666666666666667,2024-03-01
INOXWIND.NS,Capital Goods,,1050173630.5617234,70.45331232070923,150.6999969482422,True,5.246631997854599,2.007984062635961,4.914731722309725,True,True,True,True,0.9960106382978724,2,0.06666666666666667,2024-03-01
IRFC.NS,Financial Services,,15335567261.174679,72.90330257415772,141.76446533203125,True,4.250171914372762,2.0915269126703033,3.9182716388278878,True,True,True,True,0.992686170212766,3,0.06666666666666667,2024-03-01
BSE.NS,Financial Services,,1856210205.7360625,490.907960357666,782.1580810546875,True,4.125907117198792,1.6202259652041313,3.794006841653917,True,True,True,True,0.9860372340425533,4,0.06666666666666667,2024-03-01
HUDCO.NS,Financial Services,,5537160212.913148,87.5368325996399,179.76417541503906,True,3.44959090836557,1.7857283803545676,3.1176906328206955,True,True,True,True,0.9807180851063829,5,0.06666666666666667,2024-03-01
SUZLON.NS,Capital Goods,,2711913177.78571,28.606749935150148,45.25,True,4.292397542755003,1.0200893201162011,3.9604972672101284,True,True,True,True,0.9800531914893618,6,0.06666666666666667,2024-03-01
ANANDRATHI.NS,Financial Services,,208568080.92289224,464.304966506958,903.3585205078124,True,3.7118288564230353,1.5820336265998223,3.3799285808781607,True,True,True,True,0.9793882978723405,7,0.06666666666666667,2024-03-01
MRPL.NS,Oil Gas & Consumable Fuels,,1921370060.33174,110.22750581741333,220.88563537597656,True,3.314167680192833,1.46325040345278,2.9822674046479585,True,True,True,True,0.9720744680851064,8,0.06666666666666667,2024-03-01
IRCON.NS,Construction,,5718252810.693528,135.91861988067626,222.5415802001953,True,3.3821564666883503,1.1656361032675902,3.050256191143476,True,True,True,True,0.9707446808510638,9,0.06666666666666667,2024-03-01
NBCC.NS,Construction,,5300280592.017039,45.137758588790895,88.69771575927734,True,3.0923535019022435,1.7838003366075195,2.760453226357369,True,True,True,True,0.9680851063829787,10,0.06666666666666667,2024-03-01
IFCI.NS,Financial Services,,1772072362.6129985,24.09124994754791,45.900001525878906,True,2.906383108585439,2.1331059877859384,2.5744828330405642,True,True,True,True,0.9654255319148937,11,0.06666666666666667,2024-03-01
RAILTEL.NS,Telecommunication,,3964971408.1914682,233.68231967926025,440.7898254394531,True,3.0330671948854953,1.7096514277315182,2.7011669193406207,True,True,True,True,0.9654255319148937,12,0.06666666666666667,2024-03-01
HBLENGINE.NS,Automobile and Auto Components,,873340758.6062368,300.38402687072755,518.5239868164062,True,4.066012784747155,0.846423700651264,3.7341125092022804,True,True,True,True,0.9607712765957446,13,0.06666666666666667,2024-03-01
SJVN.NS,Power,,6065750448.535005,69.99846103668213,116.86902618408205,True,2.9622685482168802,1.167573486201443,2.6303682726720057,True,True,True,True,0.9574468085106383,14,0.06666666666666667,2024-03-01
CHENNPETRO.NS,Oil Gas & Consumable Fuels,,1164599226.510682,521.9378901672363,831.425537109375,True,2.8882456722742695,1.3046142698341092,2.556345396729395,True,True,True,True,0.9541223404255319,15,0.06666666666666667,2024-03-01
JAIBALAJI.NS,Metals & Mining,,182881535.01306915,113.70260016441345,186.25,True,19.070043680956882,1.2597670970366068,18.655607484307225,True,True,True,True,0.9963976945244957,1,0.06666666666666667,2024-04-01
INOXWIND.NS,Capital Goods,,810619443.7535675,78.77924976348876,130.39999389648438,True,4.088780249618902,1.644359825530735,3.6743440529692464,True,True,True,True,0.9935158501440923,2,0.06666666666666667,2024-04-01
BSE.NS,Financial Services,,1882495520.6451874,540.581817932129,831.4136962890625,True,4.811581453291922,1.1400077057911653,4.397145256642266,True,True,True,True,0.9913544668587897,3,0.06666666666666667,2024-04-01
ANANDRATHI.NS,Financial Services,,278615033.94022214,528.7583616638184,912.6347045898438,True,3.5959053934150624,1.3341971999668742,3.1814691967654065,True,True,True,True,0.984149855907781,4,0.06666666666666667,2024-04-01
SCHNEIDER.NS,Capital Goods,,211023609.33028665,389.4624979400635,741.0499877929688,True,3.733631257407043,1.2025559842660098,3.3191950607573872,True,True,True,True,0.9834293948126801,5,0.06666666666666667,2024-04-01
HUDCO.NS,Financial Services,,4622223965.871316,98.65822311401367,177.52084350585938,True,3.423225763280744,1.6144673862553338,3.008789566631088,True,True,True,True,0.9819884726224785,6,0.06666666666666667,2024-04-01
IRFC.NS,Financial Services,,13535592019.165123,82.23621961593628,137.5139617919922,True,4.375687107030551,0.9327480046808276,3.961250910380895,True,True,True,True,0.9812680115273775,7,0.06666666666666667,2024-04-01
HBLENGINE.NS,Automobile and Auto Components,,836380080.439472,332.25649993896485,451.9291076660156,True,3.5661024051351653,0.8339728913116775,3.1516662084855094,True,True,True,True,0.9646974063400576,8,0.06666666666666667,2024-04-01
MRPL.NS,Oil Gas & Consumable Fuels,,2135681702.827625,123.76605012893677,211.91639709472656,True,2.718785725943131,1.351848432083039,2.304349529293475,True,True,True,True,0.9567723342939481,9,0.06666666666666667,2024-04-01
ACE.NS,Capital Goods,,612540665.9746236,827.825291442871,1421.3609619140625,True,2.7820319370516082,1.0718124488220666,2.367595740401952,True,True,True,True,0.9531700288184438,10,0.06666666666666667,2024-04-01
IFCI.NS,Financial Services,,1554685086.5532446,26.694999933242798,39.650001525878906,True,2.8309178806279904,0.9580247667100694,2.4164816839783345,True,True,True,True,0.9531700288184438,11,0.06666666666666667,2024-04-01
RECLTD.NS,Financial Services,,5754022311.199262,287.33945556640623,410.3221435546875,True,3.050776928583307,0.7774995681986092,2.636340731933651,True,True,True,True,0.952449567723343,12,0.06666666666666667,2024-04-01
KALYANKJIL.NS,Consumer Durables,,1127978084.2143707,277.4149830627441,425.5978393554688,True,2.590448617170395,1.0075082243335194,2.176012420520739,True,True,True,True,0.9474063400576369,13,0.06666666666666667,2024-04-01
NBCC.NS,Construction,,5086647260.41059,49.692230682373044,77.97529602050781,True,2.4136695038822373,1.0786713428940544,1.9992333072325812,True,True,True,True,0.9452449567723342,14,0.06666666666666667,2024-04-01
SJVN.NS,Power,,6556078294.60632,77.30756072998047,117.11019134521484,True,2.9896878022750775,0.7247621015582433,2.5752516056254215,True,True,True,True,0.9445244956772334,15,0.06666666666666667,2024-04-01
INOXWIND.NS,Capital Goods,,859960333.9866115,89.18899972915649,156.89999389648438,True,5.339393692787247,1.9548022298522558,4.929901901235257,True,True,True,True,0.9980366492146596,1,0.06666666666666667,2024-05-02
COCHINSHIP.NS,Capital Goods,,3987081833.627067,645.2221766662598,1287.1273193359375,True,4.404858025139877,1.626008515854548,3.9953662335878866,True,True,True,True,0.9908376963350786,2,0.06666666666666667,2024-05-02
HUDCO.NS,Financial Services,,4384737652.649615,112.81195486068725,212.8354034423828,True,4.207906781463001,1.923977712720748,3.798414989911011,True,True,True,True,0.987565445026178,3,0.06666666666666667,2024-05-02
IRFC.NS,Financial Services,,8996460853.576824,93.34643692970276,151.9077606201172,True,4.685672875948994,1.0630061258603565,4.276181084397003,True,True,True,True,0.9842931937172774,4,0.06666666666666667,2024-05-02
SCHNEIDER.NS,Capital Goods,,196403454.80543417,441.43899826049807,807.4000244140625,True,3.860927120682227,1.3563404021480312,3.451435329130237,True,True,True,True,0.9797120418848166,5,0.06666666666666667,2024-05-02
MRPL.NS,Oil Gas & Consumable Fuels,,2148622824.0914674,139.3646744918823,242.55723571777344,True,3.645578775075178,1.4494460088832737,3.2360869835231876,True,True,True,True,0.9777486910994765,6,0.06666666666666667,2024-05-02
ANANDRATHI.NS,Financial Services,,326546156.07620037,603.4715603637695,987.7086791992188,True,3.696014960393944,1.1145810282348227,3.2865231688419536,True,True,True,True,0.974476439790576,7,0.06666666666666667,2024-05-02
BSE.NS,Financial Services,,3165356626.0820465,616.3852118682861,922.0433349609376,True,5.292497741337421,0.7572425913014229,4.883005949785431,True,True,True,True,0.962041884816754,8,0.06666666666666667,2024-05-02
SOBHA.NS,Realty,,523709485.7572245,1015.8724868774414,1770.3924560546875,True,2.8589140296656046,1.400040345281472,2.4494222381136144,True,True,True,True,0.9613874345549738,9,0.06666666666666667,2024-05-02
HINDCOPPER.NS,Metals & Mining,,4315084447.230956,208.51190612792968,382.3035278320313,True,2.8409106099860497,1.5064938170106466,2.4314188184340595,True,True,True,True,0.9607329842931938,10,0.06666666666666667,2024-05-02
IFCI.NS,Financial Services,,1042264678.7077159,29.971499948501588,45.5,True,3.3540670651169746,0.9361702127659575,2.9445752735649844,True,True,True,True,0.9574607329842931,11,0.06666666666666667,2024-05-02
HBLENGINE.NS,Automobile and Auto Components,,790420213.1620046,365.1996314239502,509.6645812988281,True,4.025810459378494,0.7737745820941764,3.616318667826504,True,True,True,True,0.9541884816753926,12,0.06666666666666667,2024-05-02
JAIBALAJI.NS,Metals & Mining,,162169960.45760345,132.51905003547668,205.42999267578125,True,19.68781332954297,0.6469974115843848,19.27832153799098,True,True,True,True,0.9528795811518325,13,0.06666666666666667,2024-05-02
BHEL.NS,Capital Goods,,7849377063.642294,170.39432830810546,280.87335205078125,True,2.7092854372794015,1.250000091675509,2.2997936457274113,True,True,True,True,0.949607329842932,14,0.06666666666666667,2024-05-02
RECLTD.NS,Financial Services,,5618405588.160337,314.9361643218994,461.40765380859375,True,3.393614449980025,0.7991627138865476,2.984122658428035,True,True,True,True,0.9469895287958116,15,0.06666666666666667,2024-05-02
COCHINSHIP.NS,Capital Goods,,8187911271.797878,772.1083212280273,1922.596435546875,True,7.133960641734429,2.6273315814565144,6.760190896533486,True,True,True,True,0.9977477477477477,1,0.06666666666666667,2024-06-03
IRFC.NS,Financial Services,,9044808366.16936,106.67245700836182,171.7595977783203,True,4.435959156795025,1.318122344371754,4.062189411594082,True,True,True,True,0.990990990990991,2,0.06666666666666667,2024-06-03
INOXWIND.NS,Capital Goods,,1107860441.9799883,99.56737468719483,148.9499969482422,True,4.288947889238124,1.2666919305998827,3.9151781440371813,True,True,True,True,0.9842342342342343,3,0.06666666666666667,2024-06-03
HUDCO.NS,Financial Services,,3873193879.0289025,130.91463665008544,259.5738220214844,True,4.114021288743778,2.3154904388981725,3.7402515435428354,True,True,True,True,0.9834834834834835,4,0.06666666666666667,2024-06-03
IFCI.NS,Financial Services,,981892302.9056975,34.451499948501585,58.09999847412109,True,4.074235759122685,1.410788280268811,3.7004660139217425,True,True,True,True,0.9797297297297297,5,0.06666666666666667,2024-06-03
JWL.NS,Capital Goods,,1278315058.7460902,355.9400149536133,599.1691284179688,True,4.293996634218865,0.7975208249695471,3.920226889017922,True,True,True,True,0.9632132132132133,6,0.06666666666666667,2024-06-03
SOBHA.NS,Realty,,530481444.84872437,1146.781637878418,1893.002197265625,True,2.692357693688683,1.1772964636827181,2.31858794848774,True,True,True,True,0.9527027027027027,7,0.06666666666666667,2024-06-03
BHEL.NS,Capital Goods,,9295827257.68327,191.0188845062256,298.0228881835937,True,2.7843912299098847,1.1176054759807834,2.4106214847089418,True,True,True,True,0.9512012012012012,8,0.06666666666666667,2024-06-03
NBCC.NS,Construction,,1980413222.334123,62.366798334121704,93.38673400878906,True,2.579861777531037,1.1592116092066655,2.206092032330094,True,True,True,True,0.9444444444444444,9,0.06666666666666667,2024-06-03
SCHNEIDER.NS,Capital Goods,,152995903.94585368,497.6074983215332,685.4500122070312,True,2.6528112683294527,1.0479533528760103,2.2790415231285097,True,True,True,True,0.9436936936936937,10,0.06666666666666667,2024-06-03
HINDCOPPER.NS,Metals & Mining,,5164812256.223399,234.44695556640625,352.49176025390625,True,2.452607816743315,1.2511065072958347,2.078838071542372,True,True,True,True,0.9429429429429429,11,0.06666666666666667,2024-06-03
ANANDRATHI.NS,Financial Services,,305269722.9663859,680.4805596923828,1036.4117431640625,True,3.9070484364762654,0.725791855755475,3.5332786912753225,True,True,True,True,0.9414414414414414,12,0.06666666666666667,2024-06-03
RVNL.NS,Construction,,6427275649.242453,210.0078054046631,377.0591735839844,True,2.3005422177682417,1.3021711219713428,1.9267724725672988,True,True,True,True,0.9384384384384384,13,0.06666666666666667,2024-06-03
HAL.NS,Capital Goods,,10370201154.70492,2732.574294433594,4867.546875,True,2.2452755436098504,1.3722018835577119,1.8715057984089074,True,True,True,True,0.9376876876876876,14,0.06666666666666667,2024-06-03
SJVN.NS,Power,,3565702325.6621346,94.72424011230468,134.76353454589844,True,2.94706947779063,0.7398744855721842,2.573299732589687,True,True,True,True,0.9339339339339339,15,0.06666666666666667,2024-06-03
COCHINSHIP.NS,Capital Goods,,10651423763.33324,928.5994247436523,2186.655517578125,True,6.759182718755279,2.6320069732268196,6.356569602488054,True,True,True,True,0.9981435643564356,1,0.06666666666666667,2024-07-01
HUDCO.NS,Financial Services,,5023267459.133897,149.3478342437744,266.5893859863281,True,4.015732512478719,1.7873598179709642,3.613119396211493,True,True,True,True,0.9919554455445545,2,0.06666666666666667,2024-07-01
IFCI.NS,Financial Services,,1485496215.2753253,38.898049945831296,61.58000183105469,True,4.110373515047991,1.2311594557947427,3.7077603987807652,True,True,True,True,0.989480198019802,3,0.06666666666666667,2024-07-01
JWL.NS,Capital Goods,,1922317861.2711868,390.6592233276367,685.781005859375,True,3.6421756239667173,1.2131283999572968,3.2395625076994916,True,True,True,True,0.983910891089109,4,0.06666666666666667,2024-07-01
IRFC.NS,Financial Services,,9380255749.909246,118.29274890899659,167.9051513671875,True,4.378480872442606,0.8800430824156222,3.97586775617538,True,True,True,True,0.9789603960396039,5,0.06666666666666667,2024-07-01
NBCC.NS,Construction,,3247134816.4925156,68.89982835769653,102.9352569580078,True,2.850118272896811,1.0830788720097173,2.4475051566295853,True,True,True,True,0.9740099009900991,6,0.06666666666666667,2024-07-01
GRSE.NS,Capital Goods,,5450241635.712026,921.5869104003906,2070.511962890625,True,2.596502399098247,1.627949156871359,2.1938892828310212,True,True,True,True,0.9709158415841583,7,0.06666666666666667,2024-07-01
TITAGARH.NS,Capital Goods,,3870880887.834014,1000.325920715332,1856.6282958984373,True,3.377883046801859,0.8604080445910827,2.9752699305346333,True,True,True,True,0.9665841584158416,8,0.06666666666666667,2024-07-01
MAZDOCK.NS,Capital Goods,,11928020176.128212,1137.8944375610351,2106.680419921875,True,2.6448092977038216,1.0923397703750912,2.2421961814365954,True,True,True,True,0.9653465346534653,9,0.06666666666666667,2024-07-01
SCHNEIDER.NS,Capital Goods,,203948439.62384236,544.8459982299805,865.2999877929688,True,2.525361574868684,1.2301546077138368,2.1227484586014578,True,True,True,True,0.9610148514851485,10,0.06666666666666667,2024-07-01
SOBHA.NS,Realty,,517929739.1764099,1281.4054522705078,1949.6488037109373,True,2.5594472975127807,1.020184870397323,2.1568341812455545,True,True,True,True,0.9566831683168318,11,0.06666666666666667,2024-07-01
RVNL.NS,Construction,,9099067732.616613,234.97695777893065,411.5348815917969,True,2.3985267823305865,1.4206856527814278,1.9959136660633605,True,True,True,True,0.9554455445544554,12,0.06666666666666667,2024-07-01
POWERINDIA.NS,Capital Goods,,1378888316.932609,6545.50546875,12903.31640625,True,2.1750479077820475,1.5648277242955917,1.7724347915148215,True,True,True,True,0.9498762376237624,13,0.06666666666666667,2024-07-01
ANANDRATHI.NS,Financial Services,,221976524.31556803,740.6313500976562,967.4520874023438,True,3.5352581010867876,0.5834113930607041,3.132644984819562,True,True,True,True,0.9443069306930694,14,0.06666666666666667,2024-07-01
BHEL.NS,Capital Goods,,8445364673.481961,208.66612239837647,299.9671630859375,True,2.481960574268986,0.7491279116841416,2.0793474580017604,True,True,True,True,0.9387376237623761,15,0.06666666666666667,2024-07-01
COCHINSHIP.NS,Capital Goods,,12114962550.463013,1157.237925567627,2586.44580078125,True,7.106959149571722,2.099907075196378,6.712297582561747,True,True,True,True,0.9982227488151658,1,0.06666666666666667,2024-08-01
IFCI.NS,Financial Services,,3088511405.2102814,44.523449954986575,87.33000183105469,True,5.930952316436999,1.1832500457763673,5.536290749427024,True,True,True,True,0.9940758293838862,2,0.06666666666666667,2024-08-01
HUDCO.NS,Financial Services,,7267075659.248013,174.4824677658081,296.02606201171875,True,4.522645696189019,1.0999039799036465,4.127984129179044,True,True,True,True,0.988744075829384,3,0.06666666666666667,2024-08-01
RVNL.NS,Construction,,20157871717.78924,278.0221221923828,594.1868286132812,True,4.02762703639658,1.0831170631925358,3.6329654693866047,True,True,True,True,0.9863744075829385,4,0.06666666666666667,2024-08-01
GRSE.NS,Capital Goods,,7878254020.605373,1100.6137408447266,2372.788818359375,True,3.0979408980610668,1.709908630317737,2.7032793310510916,True,True,True,True,0.9851895734597156,5,0.06666666666666667,2024-08-01
NBCC.NS,Construction,,5023522698.206706,77.77687950134278,118.83853912353516,True,3.407510371039991,0.8378297795723499,3.012848804030016,True,True,True,True,0.976303317535545,6,0.06666666666666667,2024-08-01
OIL.NS,Oil Gas & Consumable Fuels,,3476840209.700496,329.21694259643556,546.9402465820312,True,2.538036860682728,1.2202732728765082,2.143375293672753,True,True,True,True,0.9733412322274881,7,0.06666666666666667,2024-08-01
INOXWIND.NS,Capital Goods,,1933389957.6126475,120.59901191711425,183.6199951171875,True,2.8134992585306215,0.7055148981269868,2.4188376915206464,True,True,True,True,0.9620853080568721,8,0.06666666666666667,2024-08-01
SUZLON.NS,Capital Goods,,3371583822.7024364,42.90379991531372,69.37999725341797,True,2.8868344969584467,0.6860266022052379,2.4921729299484716,True,True,True,True,0.9609004739336493,9,0.06666666666666667,2024-08-01
TRENT.NS,Consumer Services,,3553931108.553841,3780.4401190185545,5827.0205078125,True,2.403344699453739,0.8462054223225739,2.008683132443764,True,True,True,True,0.957345971563981,10,0.06666666666666667,2024-08-01
MAZDOCK.NS,Capital Goods,,18271884970.265232,1305.8164462280274,2580.055908203125,True,2.0589814210434145,1.3026596296364086,1.6643198540334394,True,True,True,True,0.9526066350710901,11,0.06666666666666667,2024-08-01
TORNTPOWER.NS,Power,,1874769673.182129,1146.2586285400391,1814.379150390625,True,2.0209416661526207,0.9204361262924292,1.6262800991426456,True,True,True,True,0.9419431279620852,12,0.06666666666666667,2024-08-01
RECLTD.NS,Financial Services,,10681698725.993067,411.48540245056154,591.779541015625,True,3.146746343610724,0.5114024123911192,2.752084776600749,True,True,True,True,0.9407582938388626,13,0.06666666666666667,2024-08-01
KALYANKJIL.NS,Consumer Durables,,1203223083.6795197,383.21239364624023,576.4174194335938,True,2.3638472430963207,0.6453215289989391,1.9691856760863455,True,True,True,True,0.9395734597156398,14,0.06666666666666667,2024-08-01
DIXON.NS,Consumer Durables,,5369213175.197347,7654.381091308594,12096.7392578125,True,1.797354596766945,1.0681174805821723,1.40269302975697,True,True,True,True,0.9324644549763033,15,0.06666666666666667,2024-08-01
RVNL.NS,Construction,,20480450626.64244,320.21753494262697,600.01513671875,True,3.955029581101412,1.3240868512873956,3.546705884144653,True,True,True,True,0.9975,1,0.06666666666666667,2024-09-02
COCHINSHIP.NS,Capital Goods,,8530145931.9472065,1334.1908430480958,1862.381103515625,True,3.5377008398982452,1.2559489043215857,3.129377142941486,True,True,True,True,0.993125,2,0.06666666666666667,2024-09-02
OIL.NS,Oil Gas & Consumable Fuels,,5588621445.611456,375.22145164489746,704.1260986328125,True,3.050148684884152,0.8924399608828444,2.641824987927393,True,True,True,True,0.9862500000000001,3,0.06666666666666667,2024-09-02
TRENT.NS,Consumer Services,,5256924241.78798,4233.128885498047,7144.0625,True,2.628178328283775,0.8113363022446098,2.2198546313270158,True,True,True,True,0.973125,4,0.06666666666666667,2024-09-02
IFCI.NS,Financial Services,,3427033424.3259654,49.865299978256225,74.93000030517578,True,4.469343164114613,0.5481404533657215,4.061019467157854,True,True,True,True,0.9725,5,0.06666666666666667,2024-09-02
GODFRYPHLP.NS,Fast Moving Consumer Goods,,1175821905.137628,1052.926669921875,2132.894775390625,True,1.9935924310538282,1.3767231581395105,1.585268734097069,True,True,True,True,0.97,6,0.06666666666666667,2024-09-02
SUZLON.NS,Capital Goods,,5359855619.7312355,47.68909984588623,75.83999633789062,True,2.8303029929383787,0.6928570899428144,2.4219792959816195,True,True,True,True,0.96875,7,0.06666666666666667,2024-09-02
INOXWIND.NS,Capital Goods,,2627183177.8523817,136.4497995185852,221.1100006103516,True,3.652498548368273,0.4934819051172341,3.244174851411514,True,True,True,True,0.95875,8,0.06666666666666667,2024-09-02
INDUSTOWER.NS,Telecommunication,,11653301011.435894,296.28249870300294,458.5,True,1.88455494685727,1.0364202195395182,1.4762312499005108,True,True,True,True,0.9568749999999999,9,0.06666666666666667,2024-09-02
PCBL.NS,Chemicals,,2619064281.3793855,274.2658797454834,473.5962524414063,True,2.2318903071730287,0.5979735883588524,1.8235666102162695,True,True,True,True,0.95375,10,0.06666666666666667,2024-09-02
POWERINDIA.NS,Capital Goods,,739035595.1919434,8230.468544921874,12091.54296875,True,1.8383132656337162,1.0791326231356133,1.429989568676957,True,True,True,True,0.9525,11,0.06666666666666667,2024-09-02
DIXON.NS,Consumer Durables,,6780893531.287711,8391.356020507812,13160.38671875,True,1.7816930400992526,0.9434923207006141,1.3733693431424934,True,True,True,True,0.9425,12,0.06666666666666667,2024-09-02
HUDCO.NS,Financial Services,,6383282275.6041765,195.23422569274902,266.06793212890625,True,2.999978895597438,0.44716110968039424,2.591655198640679,True,True,True,True,0.94,13,0.06666666666666667,2024-09-02
KALYANKJIL.NS,Consumer Durables,,2269489745.1625605,413.2644267272949,613.405029296875,True,1.873154512601785,0.6063019284599866,1.4648308156450258,True,True,True,True,0.93875,14,0.06666666666666667,2024-09-02
PRESTIGE.NS,Realty,,2962950264.8570333,1392.317454223633,1809.330322265625,True,2.252014293735071,0.4958749490972745,1.8436905967783117,True,True,True,True,0.93875,15,0.06666666666666667,2024-09-02
PCBL.NS,Chemicals,,3237855055.9110136,302.22269973754885,559.5196533203125,True,2.5452653968867835,1.2079508118048872,2.1679711531994483,True,True,True,True,0.9948979591836735,1,0.06666666666666667,2024-10-01
GODFRYPHLP.NS,Fast Moving Consumer Goods,,1759228781.988196,1226.8049447631836,2286.65869140625,True,2.4272831735183606,1.300386314129951,2.0499889298310254,True,True,True,True,0.9904336734693877,2,0.06666666666666667,2024-10-01
TRENT.NS,Consumer Services,,6974406225.789779,4729.487830810547,7559.109375,True,2.6870187092718503,0.9522418132970756,2.309724465584515,True,True,True,True,0.9891581632653061,3,0.06666666666666667,2024-10-01
POWERINDIA.NS,Capital Goods,,586187549.8285807,9067.548681640625,14541.0830078125,True,2.4632718696522615,1.082990343307113,2.0859776259649268,True,True,True,True,0.9872448979591837,4,0.06666666666666667,2024-10-01
INOXWIND.NS,Capital Goods,,3171339317.4423656,154.53142448425294,237.47999572753903,True,3.8329685482630707,0.8814022467683187,3.4556743045757354,True,True,True,True,0.9866071428571428,5,0.06666666666666667,2024-10-01
SUZLON.NS,Capital Goods,,6052038039.667547,51.95019979476929,80.05000305175781,True,2.2343435576467803,1.157682111701333,1.8570493139594453,True,True,True,True,0.9795918367346939,6,0.06666666666666667,2024-10-01
COCHINSHIP.NS,Capital Goods,,5569413865.802285,1463.8695907592773,1720.0594482421875,True,2.2444640877769912,0.9507123747555679,1.8671698440896562,True,True,True,True,0.9751275510204083,7,0.06666666666666667,2024-10-01
RVNL.NS,Construction,,18508430271.1855,360.4126787567139,527.0317993164062,True,2.2336411604558237,1.048448627165933,1.8563469167684887,True,True,True,True,0.9744897959183674,8,0.06666666666666667,2024-10-01
IFCI.NS,Financial Services,,3159524335.0162587,54.64364996910095,66.0999984741211,True,2.5442359156107117,0.7036082415946143,2.166941671923377,True,True,True,True,0.9693877551020408,9,0.06666666666666667,2024-10-01
KALYANKJIL.NS,Consumer Durables,,4238566220.7491016,451.53389831542967,728.1193237304688,True,2.191135019011511,0.8258371686936643,1.813840775324176,True,True,True,True,0.962372448979592,10,0.06666666666666667,2024-10-01
MCX.NS,Financial Services,,2909499901.389379,780.5389361572265,1127.7529296875,True,2.249302029162484,0.6858789975075554,1.8720077854751491,True,True,True,True,0.9598214285714286,11,0.06666666666666667,2024-10-01
HSCL.NS,Chemicals,,1248174763.1388729,393.6329820251465,659.91845703125,True,1.7621161228483517,1.1437451355030381,1.3848218791610167,True,True,True,True,0.9572704081632654,12,0.06666666666666667,2024-10-01
DIXON.NS,Consumer Durables,,7459793339.431982,9221.305397949218,13796.810546875,True,1.8080468966693344,0.9056793570244501,1.4307526529819994,True,True,True,True,0.9534438775510203,13,0.06666666666666667,2024-10-01
ABREL.NS,Forest Materials,,1346262302.310608,1895.0788122558595,2847.495849609375,True,1.7293916862595329,0.9775570911046627,1.3520974425721979,True,True,True,True,0.9521683673469388,14,0.06666666666666667,2024-10-01
JUBLPHARMA.NS,Healthcare,,898178152.7083354,703.164430847168,1145.903076171875,True,1.6134148973539602,1.0414135261365853,1.2361206536666252,True,True,True,True,0.9432397959183674,15,0.06666666666666667,2024-10-01
JUBLPHARMA.NS,Healthcare,,708358673.5803986,771.8415985107422,1206.5936279296875,True,2.046201453202676,0.8077502483174674,1.7380055578281952,True,True,True,True,0.9901433691756273,1,0.06666666666666667,2024-11-01
GODFRYPHLP.NS,Fast Moving Consumer Goods,,1475080950.4676452,1392.6254440307616,2171.155517578125,True,2.000696182334481,1.000568695324517,1.6925002869599999,True,True,True,True,0.9865591397849461,2,0.06666666666666667,2024-11-01
TRENT.NS,Consumer Services,,7725304413.35616,5243.962873535156,7113.72509765625,True,2.5024973089213987,0.6171817504300783,2.194301413546918,True,True,True,True,0.9847670250896057,3,0.06666666666666667,2024-11-01
RVNL.NS,Construction,,7187518219.070561,392.05766983032225,467.8776245117188,True,1.8150740380651782,0.6537579018174775,1.5068781426906972,True,True,True,True,0.9722222222222222,4,0.06666666666666667,2024-11-01
BSE.NS,Financial Services,,12275137146.803095,926.8281942749023,1483.8533935546875,True,1.8279477585637722,0.6093098201480422,1.5197518631892912,True,True,True,True,0.9695340501792115,5,0.06666666666666667,2024-11-01
PPLPHARMA.NS,Healthcare,,2621363588.777823,165.52993423461913,268.2961730957031,True,1.7015080105063936,0.8702748538689715,1.3933121151319126,True,True,True,True,0.9695340501792115,6,0.06666666666666667,2024-11-01
DIXON.NS,Consumer Durables,,8748403884.601692,10136.97526123047,14055.3447265625,True,1.5478866824090565,0.6862920544232576,1.2396907870345755,True,True,True,True,0.9596774193548387,7,0.06666666666666667,2024-11-01
INOXWIND.NS,Capital Goods,,2933393776.2375784,166.07536205291748,223.8000030517578,True,3.214689444121724,0.4263863082073227,2.9064935487472434,True,True,True,True,0.9596774193548387,8,0.06666666666666667,2024-11-01
MCX.NS,Financial Services,,3060167674.986511,849.386022644043,1298.221923828125,True,1.8122779404936056,0.5878522154013559,1.5040820451191246,True,True,True,True,0.9578853046594982,9,0.06666666666666667,2024-11-01
POWERINDIA.NS,Capital Goods,,654259956.528483,10100.415559082032,13814.9931640625,True,2.036976306564183,0.4431800421694885,1.728780411189702,True,True,True,True,0.9560931899641577,10,0.06666666666666667,2024-11-01
OFSS.NS,Information Technology,,3216001232.8554525,8418.582374267578,10098.0107421875,True,1.8596715904159287,0.4778097998359745,1.5514756950414477,True,True,True,True,0.9543010752688172,11,0.06666666666666667,2024-11-01
KAYNES.NS,Capital Goods,,2539528182.923462,3767.6762548828124,5440.0498046875,True,1.2149588552900847,1.0416775397588665,0.9067629599156037,True,True,True,True,0.9345878136200717,12,0.06666666666666667,2024-11-01
NUVAMA.NS,Financial Services,,893120601.851705,998.6456814575196,1347.28125,True,1.7671684119535085,0.35630718290813235,1.4589725165790275,True,True,True,True,0.9256272401433692,13,0.06666666666666667,2024-11-01
ABREL.NS,Forest Materials,,1364857483.7810018,2061.2376904296875,2740.341796875,True,1.535939558259086,0.3765042124663298,1.227743662884605,True,True,True,True,0.9184587813620072,14,0.06666666666666667,2024-11-01
CDSL.NS,Financial Services,,6911609343.620217,1126.187420349121,1533.2984619140625,True,1.3229859313665067,0.47964088898270885,1.0147900359920257,True,True,True,True,0.9175627240143369,15,0.06666666666666667,2024-11-01
DIXON.NS,Consumer Durables,,8512146085.2046385,10989.732028808594,15800.369140625,True,1.9047288711369061,0.7116100863221966,1.615189193437897,True,True,True,True,0.9864864864864864,1,0.06666666666666667,2024-12-02
JUBLPHARMA.NS,Healthcare,,709304015.2446004,830.8394778442383,1228.9979248046875,True,1.851535409038219,0.7581304981682122,1.5619957313392099,True,True,True,True,0.9806949806949807,2,0.06666666666666667,2024-12-02
OFSS.NS,Information Technology,,2193383475.1184735,8927.18709716797,10849.2978515625,True,1.8759996311055671,0.5486038607760972,1.586459953406558,True,True,True,True,0.9652509652509653,3,0.06666666666666667,2024-12-02
KAYNES.NS,Capital Goods,,2707684466.4211507,4046.4400036621096,5987.4501953125,True,1.4586593554306537,0.812127362472969,1.1691196777316446,True,True,True,True,0.9642857142857142,4,0.06666666666666667,2024-12-02
GODFRYPHLP.NS,Fast Moving Consumer Goods,,935486883.7953125,1517.8780255126953,1870.314697265625,True,1.7746543977838432,0.48854967616776634,1.485114720084834,True,True,True,True,0.9527027027027029,5,0.06666666666666667,2024-12-02
KALYANKJIL.NS,Consumer Durables,,5849871822.853684,523.4606834411621,722.3363037109375,True,1.3138112231621246,0.8390929380184258,1.0242715454631155,True,True,True,True,0.9507722007722008,6,0.06666666666666667,2024-12-02
DEEPAKFERT.NS,Chemicals,,1416311222.2216613,798.2592817687988,1365.173583984375,True,1.3122135965206088,1.4319016027584524,1.0226739188215996,True,True,True,True,0.9498069498069498,7,0.06666666666666667,2024-12-02
PPLPHARMA.NS,Healthcare,,3444972616.5434093,177.09543296813965,268.57598876953125,True,1.2487053562787849,0.7935655639898533,0.9591656785797757,True,True,True,True,0.9401544401544402,8,0.06666666666666667,2024-12-02
TRENT.NS,Consumer Services,,7440360478.940787,5577.085782470703,6781.45751953125,True,1.5921294845519371,0.45447922010965436,1.302589806852928,True,True,True,True,0.9401544401544402,9,0.06666666666666667,2024-12-02
FSL.NS,Services,,2158707589.5015683,248.10915924072265,354.9310302734375,True,1.2421751511490915,0.8960705263021467,0.9526354734500824,True,True,True,True,0.9372586872586873,10,0.06666666666666667,2024-12-02
INOXWIND.NS,Capital Goods,,1998702507.435712,173.9349745941162,191.0399932861328,True,2.032380845811632,0.33221758310560423,1.742841168112623,True,True,True,True,0.9353281853281853,11,0.06666666666666667,2024-12-02
ETERNAL.NS,Consumer Services,,15458153759.153357,218.82925018310547,279.760009765625,True,1.367837546784525,0.5258249274760227,1.0782978690855158,True,True,True,True,0.9295366795366796,12,0.06666666666666667,2024-12-02
POLICYBZR.NS,Financial Services,,2678821908.3019533,1430.601501159668,1893.9000244140625,True,1.2833202683000793,0.6045920071717727,0.9937805906010702,True,True,True,True,0.9285714285714286,13,0.06666666666666667,2024-12-02
MCX.NS,Financial Services,,2894218567.261261,904.7910061645508,1232.36328125,True,1.15152888142884,0.6521723761188207,0.8619892037298309,True,True,True,True,0.9131274131274131,14,0.06666666666666667,2024-12-02
KFINTECH.NS,Financial Services,,987059929.528599,821.8092196655274,1156.01025390625,True,1.1933554783419131,0.5732950870683444,0.903815800642904,True,True,True,True,0.9111969111969112,15,0.06666666666666667,2024-12-02
KFINTECH.NS,Financial Services,,1567479516.5797567,897.4263885498046,1534.8736572265625,True,2.20170040166763,1.1162267442119775,2.0336107629960716,True,True,True,True,0.9988636363636364,1,0.06666666666666667,2025-01-02
KAYNES.NS,Capital Goods,,3317457063.3000164,4478.863254394531,7597.5498046875,True,1.7751579574800962,0.911790166540021,1.6070683188085377,True,True,True,True,0.9829545454545455,2,0.06666666666666667,2025-01-02
AMBER.NS,Consumer Durables,,6137097436.233138,4697.080997314453,7671.7001953125,True,1.498314807559228,0.7092283134812689,1.3302251688876696,True,True,True,True,0.9681818181818183,3,0.06666666666666667,2025-01-02
BSE.NS,Financial Services,,14861101720.84032,1112.2607318115233,1802.9801025390625,True,1.3376791124360938,1.1079211883641427,1.1695894737645354,True,True,True,True,0.9602272727272727,4,0.06666666666666667,2025-01-02
DIXON.NS,Consumer Durables,,8906348513.187273,12219.527463378907,17986.1953125,True,1.7601346868153889,0.44624628473013184,1.5920450481438304,True,True,True,True,0.9522727272727274,5,0.06666666666666667,2025-01-02
KALYANKJIL.NS,Consumer Durables,,4443702268.119602,563.3762930297852,773.5862426757812,True,1.3764945158195312,0.5629929234278876,1.2084048771479727,True,True,True,True,0.9500000000000001,6,0.06666666666666667,2025-01-02
POLICYBZR.NS,Financial Services,,2513300642.6584024,1548.0292498779297,2119.199951171875,True,1.7836595102483828,0.3968295271196596,1.6155698715768243,True,True,True,True,0.9477272727272728,7,0.06666666666666667,2025-01-02
FSL.NS,Services,,1782089532.9108338,266.1778885650635,371.6274108886719,True,1.130677741711891,0.7946621363465711,0.9625881030403325,True,True,True,True,0.9409090909090909,8,0.06666666666666667,2025-01-02
BLUESTARCO.NS,Consumer Durables,,806242376.4152262,1700.4745709228516,2248.996826171875,True,1.442986570508955,0.3982179189089279,1.2748969318373966,True,True,True,True,0.9352272727272727,9,0.06666666666666667,2025-01-02
LLOYDSME.NS,Metals & Mining,,601645048.5400747,816.095310974121,1261.3031005859375,True,1.0836398519353825,0.7256809613086095,0.915550213263824,True,True,True,True,0.925,10,0.06666666666666667,2025-01-02
JUBLPHARMA.NS,Healthcare,,290831658.4302551,890.7215158081054,1075.3046875,True,1.104572368256013,0.4826231951723374,0.9364827295844544,True,True,True,True,0.9193181818181818,11,0.06666666666666667,2025-01-02
OFSS.NS,Information Technology,,1569209902.0345051,9433.357150878906,11715.6044921875,True,2.10416560201856,0.2389730452043981,1.9360759633470015,True,True,True,True,0.9125000000000001,12,0.06666666666666667,2025-01-02
HSCL.NS,Chemicals,,749815448.2679154,463.08447692871096,579.7288818359375,True,1.0800869152171488,0.46465904150293236,0.9119972765455904,True,True,True,True,0.9068181818181819,13,0.06666666666666667,2025-01-02
ETERNAL.NS,Consumer Services,,15344964424.45878,232.86275009155273,276.5,True,1.1711818085038126,0.35559150044234555,1.0030921698322541,True,True,True,True,0.9045454545454545,14,0.06666666666666667,2025-01-02
TRENT.NS,Consumer Services,,6222959848.233415,5916.334575195313,7053.54833984375,True,1.3928270845249293,0.28145366643380676,1.2247374458533709,True,True,True,True,0.9,15,0.06666666666666667,2025-01-02
BSE.NS,Financial Services,,11668104196.923706,1229.4232354736328,1795.6865234375,True,1.5607760387385716,1.10791046914854,1.4600691287162644,True,True,True,True,1.0,1,0.06666666666666667,2025-02-03
LLOYDSME.NS,Metals & Mining,,857792963.965746,903.352699584961,1226.300048828125,True,1.062862176736087,0.573244176278644,0.9621552667137798,True,True,True,True,0.9865384615384616,2,0.06666666666666667,2025-02-03
KFINTECH.NS,Financial Services,,1840599682.8896525,969.2763079833984,1094.4722900390625,True,1.0506555022391373,0.2913836217596555,0.94994859221683,True,True,True,True,0.9538461538461538,3,0.06666666666666667,2025-02-03
DIXON.NS,Consumer Durables,,8191027118.868229,13246.996760253905,14707.8046875,True,1.5035691022292643,0.26299264710260317,1.402862192206957,True,True,True,True,0.951923076923077,4,0.06666666666666667,2025-02-03
MCX.NS,Financial Services,,2204899746.4697976,1021.8591058349609,1150.5557861328125,True,0.7951500955917337,0.3352940997299123,0.6944431855694264,True,True,True,True,0.923076923076923,5,0.06666666666666667,2025-02-03
BLUESTARCO.NS,Consumer Durables,,1024920149.6287272,1775.2786645507813,2046.8177490234373,True,0.9475438865877048,0.19910789541095264,0.8468369765653976,True,True,True,True,0.9134615384615385,6,0.06666666666666667,2025-02-03
POLYMED.NS,Healthcare,,497285671.54142255,2258.537580566406,2429.63330078125,True,0.7101696185164359,0.3179840565665102,0.6094627084941286,True,True,True,True,0.8923076923076922,7,0.06666666666666667,2025-02-03
POLICYBZR.NS,Financial Services,,2927591799.8458905,1621.3332513427733,1716.1500244140625,True,0.9322749279281446,0.14349011765697228,0.8315680179058373,True,True,True,True,0.8865384615384616,8,0.06666666666666667,2025-02-03
VIJAYA.NS,Healthcare,,573553485.9660461,913.3288983154297,1087.5096435546875,True,0.6835233566763408,0.38750166256385876,0.5828164466540335,True,True,True,True,0.8788461538461538,9,0.06666666666666667,2025-02-03
AMBER.NS,Consumer Durables,,5468202447.87714,5093.582243652344,6617.10009765625,True,0.6126878752044893,0.5074837903306184,0.5119809651821821,True,True,True,True,0.8750000000000001,10,0.06666666666666667,2025-02-03
FSL.NS,Services,,1463705558.613209,285.5664916229248,332.8627624511719,True,0.7967413776445924,0.15654948248578182,0.6960344676222852,True,True,True,True,0.8730769230769231,11,0.06666666666666667,2025-02-03
ZENSARTECH.NS,Information Technology,,1364508653.3868744,709.7647534179688,951.8433227539062,True,0.7054613253451332,0.27246018554336815,0.6047544153228259,True,True,True,True,0.8711538461538462,12,0.06666666666666667,2025-02-03
DEEPAKFERT.NS,Chemicals,,1315169315.090985,957.0989242553711,1126.582275390625,True,0.7943520936154418,0.1892689586830747,0.6936451835931345,True,True,True,True,0.8673076923076922,13,0.06666666666666667,2025-02-03
INDHOTEL.NS,Consumer Services,,3446889760.600307,680.7602297973633,799.1002197265625,True,0.6973414886364615,0.27457072115963577,0.5966345786141543,True,True,True,True,0.8615384615384616,14,0.06666666666666667,2025-02-03
TRENT.NS,Consumer Services,,6678313410.61333,6170.725162353516,6176.80078125,True,0.9160622150918614,0.11759124980729418,0.8153553050695541,True,True,True,True,0.8615384615384616,15,0.06666666666666667,2025-02-03
BSE.NS,Financial Services,,11089396481.729939,1311.3243728637694,1539.71044921875,True,1.1176448663811813,0.635817948659422,1.136932648605132,True,True,True,True,1.0,1,0.06666666666666667,2025-03-03
LLOYDSME.NS,Metals & Mining,,884656655.0948628,945.7669268798828,1019.72802734375,True,0.7915650768415303,0.31848399496162316,0.8108528590654812,True,True,True,True,0.9479166666666666,2,0.06666666666666667,2025-03-03
PAYTM.NS,Financial Services,,5819066939.066971,670.795249633789,714.9500122070312,True,0.8409939512565878,0.14962210024133382,0.8602817334805387,True,True,True,True,0.9270833333333334,3,0.06666666666666667,2025-03-03
FSL.NS,Services,,1402195616.7704728,299.67129096984866,338.6097106933594,True,0.7443903676805943,0.15362740484538429,0.7636781499045452,True,True,True,True,0.9010416666666666,4,0.06666666666666667,2025-03-03
DIXON.NS,Consumer Durables,,6734247411.963542,13841.544807128907,13929.650390625,True,1.0570952163323182,0.05845296861824023,1.076382998556269,True,True,True,True,0.8593749999999999,5,0.06666666666666667,2025-03-03
AMBER.NS,Consumer Durables,,5964508158.559644,5320.926489257812,5628.64990234375,True,0.4473443919348057,0.25996690359524455,0.4666321741587566,True,True,True,True,0.8333333333333333,6,0.06666666666666667,2025-03-03
MUTHOOTFIN.NS,Financial Services,,1280142432.1173177,1913.9891888427735,2089.34765625,True,0.6191429653906424,0.08492511953965942,0.6384307476145933,True,True,True,True,0.8281250000000001,7,0.06666666666666667,2025-03-03
BLUESTARCO.NS,Consumer Durables,,1172555340.6811461,1823.574171142578,1908.482421875,True,0.5072007178593247,0.1254475090340441,0.5264885000832756,True,True,True,True,0.8125000000000001,8,0.06666666666666667,2025-03-03
DIVISLAB.NS,Healthcare,,2558762234.013338,5316.212017822266,5455.4091796875,True,0.5125597999892373,0.07584559297911797,0.5318475822131882,True,True,True,True,0.7864583333333333,9,0.06666666666666667,2025-03-03
CHOLAHLDNG.NS,Financial Services,,390928668.97039187,1554.1611138916016,1640.769287109375,True,0.5707027528819393,0.024906390202146467,0.5899905351058902,True,True,True,True,0.7239583333333334,10,0.06666666666666667,2025-03-03
BAJAJHLDNG.NS,Financial Services,,1040583337.7006185,10142.603227539063,11494.12890625,True,0.3442309420807186,0.15773558492313944,0.36351872430466947,True,True,True,True,0.7031250000000001,11,0.06666666666666667,2025-03-03
FORTIS.NS,Healthcare,,996748482.7599366,579.6385470581055,611.9762573242188,True,0.3741276212476956,0.11036607703289869,0.3934154034716465,True,True,True,True,0.7031250000000001,12,0.06666666666666667,2025-03-03
CHAMBLFERT.NS,Chemicals,,924657819.1734253,480.71050415039065,523.04736328125,True,0.4623580022968774,0.03712019332707883,0.4816457845208283,True,True,True,True,0.6927083333333333,13,0.06666666666666667,2025-03-03
GODREJIND.NS,Diversified,,776221819.4457611,984.1515008544922,1097.5999755859375,True,0.36432563776996574,0.08281946347350222,0.3836134199939166,True,True,True,True,0.6510416666666666,14,0.06666666666666667,2025-03-03
LAURUSLABS.NS,Healthcare,,1753550396.442495,496.7628399658203,525.52392578125,True,0.3203084088660879,0.12226181626177368,0.3395961910900388,True,True,True,True,0.6510416666666666,15,0.06666666666666667,2025-03-03
BSE.NS,Financial Services,,16368885400.739887,1364.4735018920899,1820.8570556640625,True,1.456424514214084,0.45776188279628327,1.36825768915718,True,True,True,True,0.9901960784313726,1,0.06666666666666667,2025-04-01
MAZDOCK.NS,Capital Goods,,8638626376.417337,2240.6809545898436,2624.486328125,True,1.839543066874858,0.2558204628987326,1.7513762418179541,True,True,True,True,0.982843137254902,2,0.06666666666666667,2025-04-01
LLOYDSME.NS,Metals & Mining,,742138971.9650594,991.215305480957,1285.5205078125,True,1.1881798008734656,0.400326326660287,1.1000129758165618,True,True,True,True,0.9632352941176471,3,0.06666666666666667,2025-04-01
AMBER.NS,Consumer Durables,,4932875624.324495,5589.932486572266,7210.85009765625,True,1.1168846098989351,0.5447904167438566,1.0287177848420312,True,True,True,True,0.963235294117647,4,0.06666666666666667,2025-04-01
COROMANDEL.NS,Chemicals,,944143286.850767,1708.7999536132813,1966.8470458984373,True,0.8722458370841395,0.2168114312107492,0.7840790120272356,True,True,True,True,0.9093137254901961,5,0.06666666666666667,2025-04-01
AVANTIFEED.NS,Fast Moving Consumer Goods,,1019156135.1694915,655.4107247924804,901.3468017578124,True,0.8473991058401109,0.41750061575515374,0.759232280783207,True,True,True,True,0.9068627450980392,6,0.06666666666666667,2025-04-01
CHAMBLFERT.NS,Chemicals,,1104511160.879275,498.24432373046875,613.0150146484375,True,0.8494697590483469,0.2444583273265155,0.761302933991443,True,True,True,True,0.8970588235294118,7,0.06666666666666667,2025-04-01
PAYTM.NS,Financial Services,,4973573121.810412,705.8684997558594,783.4500122070312,True,0.9069003299701479,0.1110401830561254,0.818733504913244,True,True,True,True,0.8700980392156862,8,0.06666666666666667,2025-04-01
AEGISLOG.NS,Oil Gas & Consumable Fuels,,3250693824.011204,782.1138646111416,796.9901733398438,True,1.0715595323102152,0.07644507902146347,0.9833927072533113,True,True,True,True,0.8651960784313726,9,0.06666666666666667,2025-04-01
DOMS.NS,Fast Moving Consumer Goods,,414604693.04199624,2583.668292236328,2873.759765625,True,0.9268749979026205,0.08982603310349391,0.8387081728457166,True,True,True,True,0.8627450980392157,10,0.06666666666666667,2025-04-01
DEEPAKFERT.NS,Chemicals,,936598640.9988872,1055.3477883911132,1108.263427734375,True,1.3333107384112628,0.041911640408557105,1.245143913354359,True,True,True,True,0.8578431372549019,11,0.06666666666666667,2025-04-01
FORTIS.NS,Healthcare,,1138071695.6974182,596.4594891357422,697.5250244140625,True,0.7427127289052198,0.1447422142604433,0.6545459038483159,True,True,True,True,0.8284313725490197,12,0.06666666666666667,2025-04-01
ASTRAZEN.NS,Healthcare,,288639998.4949056,7002.092795410156,8578.3291015625,True,0.7166507151319728,0.17260059109197168,0.6284838900750689,True,True,True,True,0.8137254901960784,13,0.06666666666666667,2025-04-01
WELCORP.NS,Capital Goods,,643624685.3842814,715.7965811157227,865.1331787109375,True,0.674588141475301,0.19897993579936246,0.5864213164183971,True,True,True,True,0.7965686274509803,14,0.06666666666666667,2025-04-01
MUTHOOTFIN.NS,Financial Services,,1379358141.9235597,1966.4913751220704,2334.35205078125,True,0.6853570825493955,0.16380947349932695,0.5971902574924917,True,True,True,True,0.7941176470588235,15,0.06666666666666667,2025-04-01
MAZDOCK.NS,Capital Goods,,10535159965.176912,2287.7446899414062,3038.68896484375,True,1.7341953287577674,0.46100333074112654,1.6535068083832847,True,True,True,True,0.9895833333333334,1,0.06666666666666667,2025-05-02
GODFRYPHLP.NS,Fast Moving Consumer Goods,,2454449682.4949584,1917.8091833496094,2675.669189453125,True,1.6416363549700486,0.25947023957483295,1.5609478345955659,True,True,True,True,0.96875,2,0.06666666666666667,2025-05-02
COROMANDEL.NS,Chemicals,,1233664683.7145753,1763.011743774414,2197.160888671875,True,1.02674416404979,0.35461408065034217,0.9460556436753074,True,True,True,True,0.9548611111111112,3,0.06666666666666667,2025-05-02
BSE.NS,Financial Services,,19801172786.434658,1471.9843637084962,2113.00244140625,True,0.99823515192262,0.47030604102688334,0.9175466315481373,True,True,True,True,0.9513888888888888,4,0.06666666666666667,2025-05-02
CHAMBLFERT.NS,Chemicals,,1303353391.858313,514.0942839050293,678.82470703125,True,0.8512378535997838,0.4842401316908893,0.7705493332253011,True,True,True,True,0.9444444444444444,5,0.06666666666666667,2025-05-02
AVANTIFEED.NS,Fast Moving Consumer Goods,,1300494685.3953378,676.7379092407226,862.280029296875,True,0.6821027743225765,0.5240628223542223,0.6014142539480938,True,True,True,True,0.9253472222222222,6,0.06666666666666667,2025-05-02
GRSE.NS,Capital Goods,,3657895708.1174827,1678.3386779785155,1903.6297607421875,True,1.0145233443324808,0.2154591213203889,0.9338348239579981,True,True,True,True,0.921875,7,0.06666666666666667,2025-05-02
KFINTECH.NS,Financial Services,,1674352020.7188904,1056.2803506469727,1189.6351318359375,True,0.8742871528656588,0.2249156019738936,0.7935986324911761,True,True,True,True,0.9149305555555556,8,0.06666666666666667,2025-05-02
DEEPAKFERT.NS,Chemicals,,703346327.644759,1106.7911825561523,1270.7994384765625,True,1.3283361338673916,0.13718343842146918,1.2476476134929089,True,True,True,True,0.8975694444444445,9,0.06666666666666667,2025-05-02
PAYTM.NS,Financial Services,,4225993736.3794,746.617000579834,864.75,True,1.2596027499789875,0.1312054237573943,1.1789142296045048,True,True,True,True,0.8871527777777778,10,0.06666666666666667,2025-05-02
KIMS.NS,Healthcare,,437150656.33994037,558.5045500183105,656.8499755859375,True,0.6416735388615373,0.2614748611236306,0.5609850184870546,True,True,True,True,0.8819444444444444,11,0.06666666666666667,2025-05-02
BDL.NS,Capital Goods,,2224534263.0588,1215.6087734985351,1523.5579833984375,True,0.5974189134033201,0.46142562973915857,0.5167303930288374,True,True,True,True,0.8715277777777778,12,0.06666666666666667,2025-05-02
ASTRAZEN.NS,Healthcare,,292319213.8356852,7196.212490234375,8651.4287109375,True,0.6605483856909695,0.21323497238947997,0.5798598653164868,True,True,True,True,0.8680555555555556,13,0.06666666666666667,2025-05-02
LLOYDSME.NS,Metals & Mining,,582178337.9638773,1040.3336413574218,1201.5833740234375,True,0.6765745141834509,0.20669939943744642,0.5958859938089682,True,True,True,True,0.8680555555555555,14,0.06666666666666667,2025-05-02
DIXON.NS,Consumer Durables,,5539452334.212028,14550.576044921874,16444.681640625,True,1.1190452026417854,0.09277134524209929,1.0383566822673027,True,True,True,True,0.8524305555555556,15,0.06666666666666667,2025-05-02
BSE.NS,Financial Services,,24768104787.871502,1635.8441506958009,2674.0,True,1.9638694736466107,0.8160955046980907,1.89021764053105,True,True,True,True,0.997787610619469,1,0.06666666666666667,2025-06-02
MAZDOCK.NS,Capital Goods,,14811003367.832613,2362.0396984863282,3456.687255859375,True,1.2112010195025942,0.6447814232724882,1.1375491863870335,True,True,True,True,0.9834070796460177,2,0.06666666666666667,2025-06-02
GRSE.NS,Capital Goods,,8279700118.702482,1675.6932208251953,2982.254150390625,True,1.0712684613073988,0.961906423075283,0.9976166281918382,True,True,True,True,0.9834070796460176,3,0.06666666666666667,2025-06-02
GODFRYPHLP.NS,Fast Moving Consumer Goods,,615898283.3613465,2069.6200744628904,2869.025634765625,True,1.2936821280414659,0.5168509572891631,1.2200302949259052,True,True,True,True,0.9811946902654868,4,0.06666666666666667,2025-06-02
LLOYDSME.NS,Metals & Mining,,621413010.6200907,1099.3049102783202,1392.267822265625,True,0.9870173967232341,0.4550341074110118,0.9133655636076734,True,True,True,True,0.970132743362832,5,0.06666666666666667,2025-06-02
POWERINDIA.NS,Capital Goods,,1681042701.4134278,13171.757548828125,19292.404296875,True,0.7463680651751325,0.5642122532489076,0.6727162320595719,True,True,True,True,0.9502212389380531,6,0.06666666666666667,2025-06-02
COROMANDEL.NS,Chemicals,,2166816123.2620444,1842.150145263672,2271.7822265625,True,0.8392630787686064,0.29935349441025894,0.7656112456530457,True,True,True,True,0.9491150442477876,7,0.06666666666666667,2025-06-02
AVANTIFEED.NS,Fast Moving Consumer Goods,,1263141885.060141,699.616862487793,832.6347045898438,True,0.6361222861022542,0.44483429333387003,0.5624704529866935,True,True,True,True,0.9192477876106195,8,0.06666666666666667,2025-06-02
SOLARINDS.NS,Chemicals,,2017434965.2124186,10809.480239257813,16094.3671875,True,0.6104180672597364,0.573685924769048,0.5367662341441757,True,True,True,True,0.9148230088495575,9,0.06666666666666667,2025-06-02
BAJAJHLDNG.NS,Financial Services,,1017764389.3744792,11120.34826171875,13321.029296875,True,0.6843388010894271,0.2804199776820915,0.6106869679738665,True,True,True,True,0.913716814159292,10,0.06666666666666667,2025-06-02
DEEPAKFERT.NS,Chemicals,,580485621.0901713,1157.767611694336,1473.1502685546875,True,1.6727907177360835,0.1359337907924585,1.5991388846205228,True,True,True,True,0.9059734513274336,11,0.06666666666666667,2025-06-02
CEATLTD.NS,Automobile and Auto Components,,691688093.0045085,2962.374736328125,3743.384033203125,True,0.6107076349799676,0.28840545246154004,0.5370558018644069,True,True,True,True,0.8960176991150443,12,0.06666666666666667,2025-06-02
CHOLAHLDNG.NS,Financial Services,,528755822.4216919,1683.7169256591797,1864.914794921875,True,0.6689287366567966,0.21770900120867176,0.595276903541236,True,True,True,True,0.8838495575221239,13,0.06666666666666667,2025-06-02
KIMS.NS,Healthcare,,457336399.6345164,582.2571000671387,684.25,True,0.8241316593017478,0.1421299080020546,0.7504798261861871,True,True,True,True,0.8838495575221239,14,0.06666666666666667,2025-06-02
MFSL.NS,Financial Services,,1471427297.5607848,1158.19475189209,1502.699951171875,True,0.5593835034514489,0.27574490196600654,0.48573167033588827,True,True,True,True,0.8694690265486726,15,0.06666666666666667,2025-06-02
BSE.NS,Financial Services,,22275747465.612366,1832.8960546875,2770.10009765625,True,2.307417095622194,0.5317850325221471,2.2453111580735006,True,True,True,True,0.9932432432432432,1,0.06666666666666667,2025-07-01
GODFRYPHLP.NS,Fast Moving Consumer Goods,,811755773.8623779,2161.7697241210935,2959.357666015625,True,1.0665468607111706,0.6288332971080097,1.004440923162477,True,True,True,True,0.9839527027027026,2,0.06666666666666667,2025-07-01
DEEPAKFERT.NS,Chemicals,,744625640.7872864,1213.6862020874023,1695.259765625,True,1.5540526386981726,0.4339464760350642,1.491946701149479,True,True,True,True,0.9788851351351351,3,0.06666666666666667,2025-07-01
NH.NS,Healthcare,,1046531960.3666809,1478.2749450683593,2165.30029296875,True,0.83101547267088,0.65521441146805,0.7689095351221864,True,True,True,True,0.9780405405405406,4,0.06666666666666667,2025-07-01
MCX.NS,Financial Services,,4985204854.226216,1219.6152163696288,1781.9942626953125,True,1.2721187296328975,0.4079164344748394,1.2100127920842039,True,True,True,True,0.9746621621621621,5,0.06666666666666667,2025-07-01
SOLARINDS.NS,Chemicals,,2639140440.1267905,11479.44173828125,17587.47265625,True,0.762293882062651,0.7227352022281877,0.7001879445139574,True,True,True,True,0.96875,6,0.06666666666666667,2025-07-01
LLOYDSME.NS,Metals & Mining,,769052034.4742737,1176.5419241333009,1587.950927734375,True,1.1926374979531187,0.3621924685596598,1.130531560404425,True,True,True,True,0.9628378378378378,7,0.06666666666666667,2025-07-01
JMFINANCIL.NS,Financial Services,,829012046.9701002,117.31936866760253,155.4021759033203,True,0.9628943315666951,0.29657630190904505,0.9007883940180015,True,True,True,True,0.9451013513513513,8,0.06666666666666667,2025-07-01
POWERINDIA.NS,Capital Goods,,2058723487.2579103,13896.2040625,20001.19921875,True,0.7533257902612187,0.3959378463224559,0.6912198527125251,True,True,True,True,0.9442567567567567,9,0.06666666666666667,2025-07-01
MFSL.NS,Financial Services,,1743634221.866095,1209.8565029907227,1647.0999755859375,True,0.6813146884481354,0.47828042341374877,0.6192087508994417,True,True,True,True,0.9391891891891893,10,0.06666666666666667,2025-07-01
CHOLAHLDNG.NS,Financial Services,,620118560.3228902,1718.54517578125,2164.50830078125,True,0.6690572531194956,0.5477509119575881,0.606951315570802,True,True,True,True,0.9383445945945945,11,0.06666666666666667,2025-07-01
GRSE.NS,Capital Goods,,10809828757.243366,1812.4984515380859,2994.170166015625,True,0.559831950878497,0.9478609278502055,0.4977260133298034,True,True,True,True,0.929054054054054,12,0.06666666666666667,2025-07-01
REDINGTON.NS,Services,,1199914430.7734408,219.33490631103516,318.2669677734375,True,0.5428604271215445,0.5715872418238328,0.48075448957285083,True,True,True,True,0.918918918918919,13,0.06666666666666667,2025-07-01
BAJAJHLDNG.NS,Financial Services,,1106054763.0581055,11526.277470703126,14308.2265625,True,0.6873965792373491,0.2862009186582575,0.6252906416886554,True,True,True,True,0.9130067567567567,14,0.06666666666666667,2025-07-01
LAURUSLABS.NS,Healthcare,,1390638612.6958303,565.729236907959,723.5320434570312,True,0.6996575335345936,0.27206384726926913,0.6375515959858999,True,True,True,True,0.9121621621621622,15,0.06666666666666667,2025-07-01
GODFRYPHLP.NS,Fast Moving Consumer Goods,,1353627905.7347534,2232.6378393554687,3003.5341796875,True,1.1703446457568112,1.0866207532880985,1.1704450409285705,True,True,True,True,0.993421052631579,1,0.06666666666666667,2025-08-01
LAURUSLABS.NS,Healthcare,,1782721754.7198486,605.2971304321289,872.7601928710938,True,0.9429273284622359,0.7142315789196063,0.9430277236339952,True,True,True,True,0.9830827067669172,2,0.06666666666666667,2025-08-01
BSE.NS,Financial Services,,18591186414.58616,1982.541527709961,2427.39990234375,True,1.9936141332268082,0.41662237330763574,1.9937145283985676,True,True,True,True,0.9689849624060151,3,0.06666666666666667,2025-08-01
POWERINDIA.NS,Capital Goods,,2567196821.1248045,14579.203515625,20089.173828125,True,0.6895264347183472,1.088497287665069,0.6896268298901065,True,True,True,True,0.9689849624060151,4,0.06666666666666667,2025-08-01
PAYTM.NS,Financial Services,,5387173678.21662,857.6797503662109,1089.3499755859375,True,1.2049387764430604,0.41621159425142795,1.2050391716148197,True,True,True,True,0.9652255639097744,5,0.06666666666666667,2025-08-01
ERIS.NS,Healthcare,,424254411.4900553,1426.7115258789063,1789.2982177734375,True,0.6450222187905561,0.5651799949450149,0.6451226139623154,True,True,True,True,0.9539473684210527,6,0.06666666666666667,2025-08-01
COROMANDEL.NS,Chemicals,,2277974510.2263427,1986.4725756835937,2680.83251953125,True,0.6132143038161579,0.5817683981380672,0.6133146989879172,True,True,True,True,0.9520676691729323,7,0.06666666666666667,2025-08-01
DEEPAKFERT.NS,Chemicals,,879190441.906543,1278.5447341918946,1587.4320068359375,True,0.753146866109685,0.42915893524153925,0.7532472612814443,True,True,True,True,0.9511278195488722,8,0.06666666666666667,2025-08-01
FORTIS.NS,Healthcare,,1411182862.720095,683.2717663574218,857.4500122070312,True,0.7286831706931862,0.47705441612476673,0.7287835658649455,True,True,True,True,0.9511278195488722,9,0.06666666666666667,2025-08-01
MCX.NS,Financial Services,,5630663035.245067,1278.5930770874024,1532.74609375,True,0.8329885966083979,0.3908500195563527,0.8330889917801572,True,True,True,True,0.9511278195488722,10,0.06666666666666667,2025-08-01
SYRMA.NS,Capital Goods,,1087918852.2562387,528.3502499389648,754.6032104492188,True,0.5773162738553346,0.7959377998757136,0.5774166690270939,True,True,True,True,0.950187969924812,11,0.06666666666666667,2025-08-01
JMFINANCIL.NS,Financial Services,,1167218021.6762404,121.04073760986329,153.92950439453125,True,0.5694780885952786,0.5014755516844212,0.5695784837670379,True,True,True,True,0.9313909774436089,12,0.06666666666666667,2025-08-01
NH.NS,Healthcare,,957411701.8326335,1561.3138775634766,1910.699951171875,True,0.5033328899276641,0.5091009588375053,0.5034332850994234,True,True,True,True,0.9238721804511277,13,0.06666666666666667,2025-08-01
ANURAS.NS,Chemicals,,245608342.37380168,836.6231076049804,1133.4000244140625,True,0.452845036130175,0.7325691588454568,0.4529454313019343,True,True,True,True,0.9229323308270676,14,0.06666666666666667,2025-08-01
GLENMARK.NS,Healthcare,,2611282971.0407205,1570.9659460449218,2128.87841796875,True,0.48377613371039674,0.5252288747791714,0.48387652888215604,True,True,True,True,0.9210526315789475,15,0.06666666666666667,2025-08-01
GODFRYPHLP.NS,Fast Moving Consumer Goods,,3377647280.8246946,2343.1686071777344,3647.26123046875,True,0.9572816271744262,0.911928965518124,0.9989932668689413,True,True,True,True,0.9933628318584071,1,0.06666666666666667,2025-09-01
JMFINANCIL.NS,Financial Services,,1743055132.9668834,123.98341667175293,173.09388732910156,True,0.7631585675771728,0.7585287173433846,0.8048702072716879,True,True,True,True,0.9811946902654867,2,0.06666666666666667,2025-09-01
SYRMA.NS,Capital Goods,,1065224834.7088338,553.9036993408204,751.8582763671875,True,0.7559335090058537,0.7694385022801273,0.7976451487003687,True,True,True,True,0.9811946902654867,3,0.06666666666666667,2025-09-01
PAYTM.NS,Financial Services,,6291509617.772778,897.4170001220704,1207.0,True,1.2756409208943444,0.5754094649061605,1.3173525605888594,True,True,True,True,0.9800884955752212,4,0.06666666666666667,2025-09-01
LAURUSLABS.NS,Healthcare,,1964745543.7664306,641.430278930664,855.3419799804688,True,0.9173299795152128,0.6455458935337464,0.9590416192097279,True,True,True,True,0.9789823008849557,5,0.06666666666666667,2025-09-01
POWERINDIA.NS,Capital Goods,,3174588031.3887696,15126.545434570313,19110.0,True,0.5888242922379767,0.6525786579081512,0.6305359319324918,True,True,True,True,0.9601769911504425,6,0.06666666666666667,2025-09-01
FORTIS.NS,Healthcare,,1637508575.5684967,712.185891418457,911.5,True,0.6796945015314515,0.47344482130677457,0.7214061412259666,True,True,True,True,0.9446902654867256,7,0.06666666666666667,2025-09-01
JKCEMENT.NS,Construction Materials,,844314878.1128093,5246.8062194824215,6946.5,True,0.5663001801421716,0.520304521876289,0.6080118198366867,True,True,True,True,0.9435840707964602,8,0.06666666666666667,2025-09-01
ANURAS.NS,Chemicals,,226105836.51437175,875.8221356201171,1129.800048828125,True,0.4581205865521216,0.766326645508381,0.4998322262466367,True,True,True,True,0.9325221238938053,9,0.06666666666666667,2025-09-01
KRBL.NS,Fast Moving Consumer Goods,,644517371.4299184,323.2956379699707,427.3638305664063,True,0.4650645925951349,0.5696341092437862,0.50677623228965,True,True,True,True,0.9258849557522124,10,0.06666666666666667,2025-09-01
MFSL.NS,Financial Services,,1296177697.227018,1288.0372512817382,1602.199951171875,True,0.49326625106972943,0.5227143371252243,0.5349778907642445,True,True,True,True,0.9247787610619469,11,0.06666666666666667,2025-09-01
ANANDRATHI.NS,Financial Services,,680678987.327594,1019.0418008422852,1391.5191650390625,True,0.5335360814985473,0.4005628138629034,0.5752477211930623,True,True,True,True,0.9137168141592921,12,0.06666666666666667,2025-09-01
ASTERDM.NS,Healthcare,,801719179.6037954,512.4652076721192,598.4287719726562,True,0.4990356452721847,0.45090193616725616,0.5407472849666998,True,True,True,True,0.9126106194690266,13,0.06666666666666667,2025-09-01
EIDPARRY.NS,Chemicals,,363565472.54912925,916.7155001831055,1125.800048828125,True,0.3862825793287952,0.6167158588335278,0.42799421902331025,True,True,True,True,0.9103982300884955,14,0.06666666666666667,2025-09-01
RADICO.NS,Fast Moving Consumer Goods,,793509692.7672526,2459.2951000976564,2852.5,True,0.5587464966412583,0.3609837517235306,0.6004581363357734,True,True,True,True,0.9070796460176992,15,0.06666666666666667,2025-09-01
GMDCLTD.NS,Metals & Mining,,4289441504.7470465,355.0820199584961,599.0499877929688,True,0.675049879011238,1.2952404705286988,0.7425295199384822,True,True,True,True,0.9912790697674418,1,0.06666666666666667,2025-10-01
SYRMA.NS,Capital Goods,,1317536028.802241,582.2463299560546,767.4000244140625,True,0.6766340374359148,0.6195923930020357,0.7441136783631589,True,True,True,True,0.9883720930232558,2,0.06666666666666667,2025-10-01
TATAINVEST.NS,Financial Services,,2809162828.196167,647.7823715209961,1027.7496337890625,True,0.49347223147340635,0.6379816930170374,0.5609518724006505,True,True,True,True,0.9699612403100775,3,0.06666666666666667,2025-10-01
FORTIS.NS,Healthcare,,1649092979.116803,743.5966925048829,969.7999877929688,True,0.6308842566305082,0.44529169204846863,0.6983638975577523,True,True,True,True,0.9622093023255813,4,0.06666666666666667,2025-10-01
GRSE.NS,Capital Goods,,3317021325.2123537,2120.480494995117,2516.694580078125,True,0.48316843022610856,0.4944104114282508,0.5506480711533527,True,True,True,True,0.9573643410852714,5,0.06666666666666667,2025-10-01
ANANDRATHI.NS,Financial Services,,691091572.9713135,1068.3806814575196,1407.9051513671875,True,0.45816300341987315,0.5165134897481201,0.5256426443471173,True,True,True,True,0.9534883720930233,6,0.06666666666666667,2025-10-01
GODFRYPHLP.NS,Fast Moving Consumer Goods,,4786492567.313599,2509.0287731933595,3365.02001953125,True,0.44340333964321466,0.5788058615183138,0.5108829805704588,True,True,True,True,0.9496124031007751,7,0.06666666666666667,2025-10-01
LAURUSLABS.NS,Healthcare,,1892903061.4341512,680.0016902160645,840.2693481445312,True,0.8282348296349917,0.3646580140682867,0.8957144705622359,True,True,True,True,0.9486434108527132,8,0.06666666666666667,2025-10-01
PAYTM.NS,Financial Services,,6009734349.847613,933.1589999389648,1123.800048828125,True,0.6347371137869489,0.387236245767433,0.702216754714193,True,True,True,True,0.9467054263565892,9,0.06666666666666667,2025-10-01
ANURAS.NS,Chemicals,,258813725.52538452,915.5093893432618,1071.4000244140625,True,0.4449750131315955,0.43424642413101733,0.5124546540588396,True,True,True,True,0.9341085271317829,10,0.06666666666666667,2025-10-01
ASTERDM.NS,Healthcare,,525065417.91983336,531.4998895263672,624.2158203125,True,0.5070760197810549,0.38523201004579644,0.574555660708299,True,True,True,True,0.9331395348837209,11,0.06666666666666667,2025-10-01
INDIANB.NS,Financial Services,,1003513322.2879293,569.6247163391113,735.0416259765625,True,0.46312074754619226,0.3924653757420393,0.5306003884734364,True,True,True,True,0.9302325581395349,12,0.06666666666666667,2025-10-01
ECLERX.NS,Services,,580752187.8290975,1690.3296313476562,2007.8499755859373,True,0.3948827719928234,0.45366875265299744,0.4623624129200675,True,True,True,True,0.9234496124031008,13,0.06666666666666667,2025-10-01
HBLENGINE.NS,Automobile and Auto Components,,2056502913.2665253,597.4021713256836,811.5056762695312,True,0.354205523519447,0.7500367395980869,0.42168516444669113,True,True,True,True,0.9195736434108528,14,0.06666666666666667,2025-10-01
MUTHOOTFIN.NS,Financial Services,,1609271913.4358847,2371.1011920166015,3051.2998046875,True,0.5248987147505644,0.33228894627948313,0.5923783556778085,True,True,True,True,0.9176356589147286,15,0.06666666666666667,2025-10-01
SYRMA.NS,Capital Goods,,1139296444.8712037,603.8846398925781,813.7999877929688,True,1.1480869155795639,0.7552343526926963,1.110028293353986,True,True,True,True,0.9950980392156863,1,0.06666666666666667,2025-11-03
HBLENGINE.NS,Automobile and Auto Components,,2494686313.484737,627.3410870361328,1001.6150512695312,True,0.917380065462494,1.0428289909498747,0.8793214432369161,True,True,True,True,0.9901960784313726,2,0.06666666666666667,2025-11-03
RBLBANK.NS,Financial Services,,4121667059.102788,221.66434967041016,326.3500061035156,True,1.022830680116722,0.6299414163239276,0.9847720578911441,True,True,True,True,0.9869281045751634,3,0.06666666666666667,2025-11-03
LTF.NS,Financial Services,,1536762295.213178,186.43648429870606,267.73345947265625,True,0.9591265149968893,0.6490235983889621,0.9210678927713114,True,True,True,True,0.9861111111111112,4,0.06666666666666667,2025-11-03
LAURUSLABS.NS,Healthcare,,1754000407.4054382,713.1652210998535,952.7014770507812,True,1.0535037664195626,0.5432584763454469,1.0154451441939847,True,True,True,True,0.9820261437908497,5,0.06666666666666667,2025-11-03
GMDCLTD.NS,Metals & Mining,,4173497979.0011535,383.49117462158205,594.2999877929688,True,0.7608410868484108,0.987086300507434,0.7227824646228329,True,True,True,True,0.9795751633986929,6,0.06666666666666667,2025-11-03
INDIANB.NS,Financial Services,,1233572061.5137746,597.7263136291504,840.7889404296875,True,0.7666110241231041,0.5874819794020676,0.7285524018975262,True,True,True,True,0.9722222222222222,7,0.06666666666666667,2025-11-03
ECLERX.NS,Services,,728719992.4892212,1727.186460571289,2363.800048828125,True,0.7054178021513668,0.8984234974815135,0.667359179925789,True,True,True,True,0.965686274509804,8,0.06666666666666667,2025-11-03
MTARTECH.NS,Capital Goods,,930495640.2069947,1584.1070025634765,2548.10009765625,True,0.6901698984612388,0.8142400125711997,0.6521112762356609,True,True,True,True,0.9624183006535949,9,0.06666666666666667,2025-11-03
PAYTM.NS,Financial Services,,5134124260.306413,963.5335006713867,1303.199951171875,True,0.7505540060485023,0.5675708058490967,0.7124953838229244,True,True,True,True,0.9616013071895425,10,0.06666666666666667,2025-11-03
FORTIS.NS,Healthcare,,2116922084.5168283,780.9390835571289,1023.0499877929688,True,0.7574809306937087,0.4986609942511091,0.7194223084681308,True,True,True,True,0.9550653594771242,11,0.06666666666666667,2025-11-03
ABCAPITAL.NS,Financial Services,,1524872824.5517807,232.78915016174315,324.20001220703125,True,0.5977527295642704,0.6470230554694665,0.5596941073386925,True,True,True,True,0.9485294117647058,12,0.06666666666666667,2025-11-03
GPIL.NS,Capital Goods,,1115645160.3356786,201.56193794250487,283.739990234375,True,0.643907444904229,0.5684034317120361,0.6058488226786511,True,True,True,True,0.9477124183006536,13,0.06666666666666667,2025-11-03
ANANDRATHI.NS,Financial Services,,835178972.7610474,1123.4620825195314,1541.176513671875,True,0.55511340124789,0.8065760286778314,0.5170547790223121,True,True,True,True,0.9419934640522876,14,0.06666666666666667,2025-11-03
MUTHOOTFIN.NS,Financial Services,,1871294365.3054688,2486.691948852539,3152.0478515625,True,0.6727412229686911,0.4652438364211282,0.6346826007431132,True,True,True,True,0.9370915032679739,15,0.06666666666666667,2025-11-03
LTF.NS,Financial Services,,2084423056.2316017,200.94410552978516,309.1669006347656,True,1.2517197489603826,0.8196912960169704,1.154915561809601,True,True,True,True,1.0,1,0.06666666666666667,2025-12-01
MUTHOOTFIN.NS,Financial Services,,1883631483.3744996,2615.877310180664,3712.806396484375,True,0.9614045435120089,0.8129963000708085,0.8646003563612272,True,True,True,True,0.9931906614785992,2,0.06666666666666667,2025-12-01
LAURUSLABS.NS,Healthcare,,1879714970.5278952,752.9264889526368,1030.32421875,True,0.9426940408840985,0.6797412689103375,0.8458898537333168,True,True,True,True,0.9863813229571985,3,0.06666666666666667,2025-12-01
RBLBANK.NS,Financial Services,,3599687535.3682156,236.78613220214845,312.3999938964844,True,0.9805193040076854,0.45290083112235546,0.8837151168569037,True,True,True,True,0.9834630350194553,4,0.06666666666666667,2025-12-01
ABCAPITAL.NS,Financial Services,,1597537129.336997,248.17185028076173,358.04998779296875,True,0.879527494976214,0.6181587240902466,0.7827233078254323,True,True,True,True,0.9766536964980546,5,0.06666666666666667,2025-12-01
MCX.NS,Financial Services,,4980030712.104259,1469.8197561645509,2014.699951171875,True,0.6533366965546583,0.5385275519337651,0.5565325094038767,True,True,True,True,0.9601167315175098,6,0.06666666666666667,2025-12-01
GMDCLTD.NS,Metals & Mining,,4786858797.902765,407.13773818969725,539.2999877929688,True,0.5962576365593033,0.5094283635782195,0.49945344940852165,True,True,True,True,0.9484435797665369,7,0.06666666666666667,2025-12-01
NAVINFLUOR.NS,Chemicals,,1358694596.6913085,4691.093923339844,5728.60791015625,True,0.6758892179650087,0.33346301768321696,0.579085030814227,True,True,True,True,0.9435797665369651,8,0.06666666666666667,2025-12-01
AUBANK.NS,Financial Services,,2225585358.4313374,717.1503749084472,955.25,True,0.6039377950540827,0.3697501592196839,0.5071336079033011,True,True,True,True,0.9367704280155642,9,0.06666666666666667,2025-12-01
INDIANB.NS,Financial Services,,1443765575.7427611,631.5508514404297,852.0980224609375,True,0.5800672215684874,0.4849029585689306,0.4832630344177058,True,True,True,True,0.9367704280155642,10,0.06666666666666667,2025-12-01
ADANIPOWER.NS,Power,,8914078665.392673,121.57950008392334,147.49000549316406,True,0.651069097391316,0.33608122392103756,0.5542649102405344,True,True,True,True,0.9357976653696498,11,0.06666666666666667,2025-12-01
HBLENGINE.NS,Automobile and Auto Components,,2604407435.243872,666.1605409240723,883.4201049804688,True,0.5778277341204836,0.503457630907379,0.48102354696970195,True,True,True,True,0.9348249027237354,12,0.06666666666666667,2025-12-01
MANAPPURAM.NS,Financial Services,,984781975.5586492,251.79403068542481,284.0165405273437,True,0.918269449274191,0.2338976632964902,0.8214652621234093,True,True,True,True,0.9289883268482491,13,0.06666666666666667,2025-12-01
CUB.NS,Financial Services,,812976075.6946561,149.29374809265136,203.3099975585937,True,0.5744186527407611,0.40801685039368385,0.47761446558997944,True,True,True,True,0.9231517509727627,14,0.06666666666666667,2025-12-01
ANURAS.NS,Chemicals,,419108101.5344767,996.3914950561524,1221.699951171875,True,0.6777564168759915,0.23515762067763712,0.5809522297252099,True,True,True,True,0.9182879377431907,15,0.06666666666666667,2025-12-01
